/*--------------------------------*- C++ -*----------------------------------*\
| =========                 |                                                 |
| \\      /  F ield         | OpenFOAM: The Open Source CFD Toolbox           |
|  \\    /   O peration     | Version:  2.2.2                                 |
|   \\  /    A nd           | Web:      www.OpenFOAM.org                      |
|    \\/     M anipulation  |                                                 |
\*---------------------------------------------------------------------------*/
FoamFile
{
    version     2.0;
    format      ascii;
    class       labelList;
    note        "nPoints:19692  nCells:9617  nFaces:38696  nInternalFaces:19006";
    location    "constant/polyMesh";
    object      neighbour;
}
// * * * * * * * * * * * * * * * * * * * * * * * * * * * * * * * * * * * * * //


19006
(
1
84
6498
9300
2
85
6518
3
86
6538
4
87
6558
5
88
6578
6
89
6598
7
90
6618
8
91
6638
9
92
6658
10
93
6678
11
94
6698
12
95
6718
13
96
6738
14
97
6758
15
98
6778
16
99
6798
17
100
6818
18
101
6838
19
102
6858
20
103
6878
21
104
6898
22
105
6918
23
106
6938
24
107
6958
25
108
6978
26
109
6998
27
110
7018
28
111
7038
29
112
7058
30
113
7078
31
114
7098
32
115
7118
33
116
7138
34
117
7158
35
118
7178
36
119
7198
37
120
7218
38
121
7238
39
122
7258
40
123
7278
41
124
7298
42
125
7318
43
126
7338
44
127
7358
45
128
7378
46
129
7398
47
130
7418
48
131
7438
49
132
7458
50
133
7478
51
134
7498
52
135
7518
53
136
7538
54
137
7558
55
138
7578
56
139
7598
57
140
7618
58
141
7638
59
142
7658
60
143
7678
61
144
7698
62
145
7718
63
146
7738
64
147
7758
65
148
7778
66
149
7798
67
150
7818
68
151
7838
69
152
7858
70
153
7878
71
154
7898
72
155
7918
73
156
7938
74
157
7958
75
158
7978
76
159
7998
77
160
8018
78
161
8038
79
162
8058
80
163
8078
81
164
8098
82
165
8118
83
166
8138
167
6497
8158
85
168
9283
86
169
87
170
88
171
89
172
90
173
91
174
92
175
93
176
94
177
95
178
96
179
97
180
98
181
99
182
100
183
101
184
102
185
103
186
104
187
105
188
106
189
107
190
108
191
109
192
110
193
111
194
112
195
113
196
114
197
115
198
116
199
117
200
118
201
119
202
120
203
121
204
122
205
123
206
124
207
125
208
126
209
127
210
128
211
129
212
130
213
131
214
132
215
133
216
134
217
135
218
136
219
137
220
138
221
139
222
140
223
141
224
142
225
143
226
144
227
145
228
146
229
147
230
148
231
149
232
150
233
151
234
152
235
153
236
154
237
155
238
156
239
157
240
158
241
159
242
160
243
161
244
162
245
163
246
164
247
165
248
166
249
167
250
251
6487
169
252
9266
170
253
171
254
172
255
173
256
174
257
175
258
176
259
177
260
178
261
179
262
180
263
181
264
182
265
183
266
184
267
185
268
186
269
187
270
188
271
189
272
190
273
191
274
192
275
193
276
194
277
195
278
196
279
197
280
198
281
199
282
200
283
201
284
202
285
203
286
204
287
205
288
206
289
207
290
208
291
209
292
210
293
211
294
212
295
213
296
214
297
215
298
216
299
217
300
218
301
219
302
220
303
221
304
222
305
223
306
224
307
225
308
226
309
227
310
228
311
229
312
230
313
231
314
232
315
233
316
234
317
235
318
236
319
237
320
238
321
239
322
240
323
241
324
242
325
243
326
244
327
245
328
246
329
247
330
248
331
249
332
250
333
251
334
335
6477
253
336
9249
254
337
255
338
256
339
257
340
258
341
259
342
260
343
261
344
262
345
263
346
264
347
265
348
266
349
267
350
268
351
269
352
270
353
271
354
272
355
273
356
274
357
275
358
276
359
277
360
278
361
279
362
280
363
281
364
282
365
283
366
284
367
285
368
286
369
287
370
288
371
289
372
290
373
291
374
292
375
293
376
294
377
295
378
296
379
297
380
298
381
299
382
300
383
301
384
302
385
303
386
304
387
305
388
306
389
307
390
308
391
309
392
310
393
311
394
312
395
313
396
314
397
315
398
316
399
317
400
318
401
319
402
320
403
321
404
322
405
323
406
324
407
325
408
326
409
327
410
328
411
329
412
330
413
331
414
332
415
333
416
334
417
335
418
419
6467
337
420
9232
338
421
339
422
340
423
341
424
342
425
343
426
344
427
345
428
346
429
347
430
348
431
349
432
350
433
351
434
352
435
353
436
354
437
355
438
356
439
357
440
358
441
359
442
360
443
361
444
362
445
363
446
364
447
365
448
366
449
367
450
368
451
369
452
370
453
371
454
372
455
373
456
374
457
375
458
376
459
377
460
378
461
379
462
380
463
381
464
382
465
383
466
384
467
385
468
386
469
387
470
388
471
389
472
390
473
391
474
392
475
393
476
394
477
395
478
396
479
397
480
398
481
399
482
400
483
401
484
402
485
403
486
404
487
405
488
406
489
407
490
408
491
409
492
410
493
411
494
412
495
413
496
414
497
415
498
416
499
417
500
418
501
419
502
503
6457
421
504
9215
422
505
423
506
424
507
425
508
426
509
427
510
428
511
429
512
430
513
431
514
432
515
433
516
434
517
435
518
436
519
437
520
438
521
439
522
440
523
441
524
442
525
443
526
444
527
445
528
446
529
447
530
448
531
449
532
450
533
451
534
452
535
453
536
454
537
455
538
456
539
457
540
458
541
459
542
460
543
461
544
462
545
463
546
464
547
465
548
466
549
467
550
468
551
469
552
470
553
471
554
472
555
473
556
474
557
475
558
476
559
477
560
478
561
479
562
480
563
481
564
482
565
483
566
484
567
485
568
486
569
487
570
488
571
489
572
490
573
491
574
492
575
493
576
494
577
495
578
496
579
497
580
498
581
499
582
500
583
501
584
502
585
503
586
587
6447
505
588
9198
506
589
507
590
508
591
509
592
510
593
511
594
512
595
513
596
514
597
515
598
516
599
517
600
518
601
519
602
520
603
521
604
522
605
523
606
524
607
525
608
526
609
527
610
528
611
529
612
530
613
531
614
532
615
533
616
534
617
535
618
536
619
537
620
538
621
539
622
540
623
541
624
542
625
543
626
544
627
545
628
546
629
547
630
548
631
549
632
550
633
551
634
552
635
553
636
554
637
555
638
556
639
557
640
558
641
559
642
560
643
561
644
562
645
563
646
564
647
565
648
566
649
567
650
568
651
569
652
570
653
571
654
572
655
573
656
574
657
575
658
576
659
577
660
578
661
579
662
580
663
581
664
582
665
583
666
584
667
585
668
586
669
587
670
671
6437
589
672
9181
590
673
591
674
592
675
593
676
594
677
595
678
596
679
597
680
598
681
599
682
600
683
601
684
602
685
603
686
604
687
605
688
606
689
607
690
608
691
609
692
610
693
611
694
612
695
613
696
614
697
615
698
616
699
617
700
618
701
619
702
620
703
621
704
622
705
623
706
624
707
625
708
626
709
627
710
628
711
629
712
630
713
631
714
632
715
633
716
634
717
635
718
636
719
637
720
638
721
639
722
640
723
641
724
642
725
643
726
644
727
645
728
646
729
647
730
648
731
649
732
650
733
651
734
652
735
653
736
654
737
655
738
656
739
657
740
658
741
659
742
660
743
661
744
662
745
663
746
664
747
665
748
666
749
667
750
668
751
669
752
670
753
671
754
755
6427
673
756
9164
674
757
675
758
676
759
677
760
678
761
679
762
680
763
681
764
682
765
683
766
684
767
685
768
686
769
687
770
688
771
689
772
690
773
691
774
692
775
693
776
694
777
695
778
696
779
697
780
698
781
699
782
700
783
701
784
702
785
703
786
704
787
705
788
706
789
707
790
708
791
709
792
710
793
711
794
712
795
713
796
714
797
715
798
716
799
717
800
718
801
719
802
720
803
721
804
722
805
723
806
724
807
725
808
726
809
727
810
728
811
729
812
730
813
731
814
732
815
733
816
734
817
735
818
736
819
737
820
738
821
739
822
740
823
741
824
742
825
743
826
744
827
745
828
746
829
747
830
748
831
749
832
750
833
751
834
752
835
753
836
754
837
755
838
839
6417
757
840
9147
758
841
759
842
760
843
761
844
762
845
763
846
764
847
765
848
766
849
767
850
768
851
769
852
770
853
771
854
772
855
773
856
774
857
775
858
776
859
777
860
778
861
779
862
780
863
781
864
782
865
783
866
784
867
785
868
786
869
787
870
788
871
789
872
790
873
791
874
792
875
793
876
794
877
795
878
796
879
797
880
798
881
799
882
800
883
801
884
802
885
803
886
804
887
805
888
806
889
807
890
808
891
809
892
810
893
811
894
812
895
813
896
814
897
815
898
816
899
817
900
818
901
819
902
820
903
821
904
822
905
823
906
824
907
825
908
826
909
827
910
828
911
829
912
830
913
831
914
832
915
833
916
834
917
835
918
836
919
837
920
838
921
839
922
923
6407
841
924
9130
842
925
843
926
844
927
845
928
846
929
847
930
848
931
849
932
850
933
851
934
852
935
853
936
854
937
855
938
856
939
857
940
858
941
859
942
860
943
861
944
862
945
863
946
864
947
865
948
866
949
867
950
868
951
869
952
870
953
871
954
872
955
873
956
874
957
875
958
876
959
877
960
878
961
879
962
880
963
881
964
882
965
883
966
884
967
885
968
886
969
887
970
888
971
889
972
890
973
891
974
892
975
893
976
894
977
895
978
896
979
897
980
898
981
899
982
900
983
901
984
902
985
903
986
904
987
905
988
906
989
907
990
908
991
909
992
910
993
911
994
912
995
913
996
914
997
915
998
916
999
917
1000
918
1001
919
1002
920
1003
921
1004
922
1005
923
1006
1007
6397
925
1008
9113
926
1009
927
1010
928
1011
929
1012
930
1013
931
1014
932
1015
933
1016
934
1017
935
1018
936
1019
937
1020
938
1021
939
1022
940
1023
941
1024
942
1025
943
1026
944
1027
945
1028
946
1029
947
1030
948
1031
949
1032
950
1033
951
1034
952
1035
953
1036
954
1037
955
1038
956
1039
957
1040
958
1041
959
1042
960
1043
961
1044
962
1045
963
1046
964
1047
965
1048
966
1049
967
1050
968
1051
969
1052
970
1053
971
1054
972
1055
973
1056
974
1057
975
1058
976
1059
977
1060
978
1061
979
1062
980
1063
981
1064
982
1065
983
1066
984
1067
985
1068
986
1069
987
1070
988
1071
989
1072
990
1073
991
1074
992
1075
993
1076
994
1077
995
1078
996
1079
997
1080
998
1081
999
1082
1000
1083
1001
1084
1002
1085
1003
1086
1004
1087
1005
1088
1006
1089
1007
1090
1091
6387
1009
1092
9096
1010
1093
1011
1094
1012
1095
1013
1096
1014
1097
1015
1098
1016
1099
1017
1100
1018
1101
1019
1102
1020
1103
1021
1104
1022
1105
1023
1106
1024
1107
1025
1108
1026
1109
1027
1110
1028
1111
1029
1112
1030
1113
1031
1114
1032
1115
1033
1116
1034
1117
1035
1118
1036
1119
1037
1120
1038
1121
1039
1122
1040
1123
1041
1124
1042
1125
1043
1126
1044
1127
1045
1128
1046
1129
1047
1130
1048
1131
1049
1132
1050
1133
1051
1134
1052
1135
1053
1136
1054
1137
1055
1138
1056
1139
1057
1140
1058
1141
1059
1142
1060
1143
1061
1144
1062
1145
1063
1146
1064
1147
1065
1148
1066
1149
1067
1150
1068
1151
1069
1152
1070
1153
1071
1154
1072
1155
1073
1156
1074
1157
1075
1158
1076
1159
1077
1160
1078
1161
1079
1162
1080
1163
1081
1164
1082
1165
1083
1166
1084
1167
1085
1168
1086
1169
1087
1170
1088
1171
1089
1172
1090
1173
1091
1174
1175
6377
1093
1176
9079
1094
1177
1095
1178
1096
1179
1097
1180
1098
1181
1099
1182
1100
1183
1101
1184
1102
1185
1103
1186
1104
1187
1105
1188
1106
1189
1107
1190
1108
1191
1109
1192
1110
1193
1111
1194
1112
1195
1113
1196
1114
1197
1115
1198
1116
1199
1117
1200
1118
1201
1119
1202
1120
1203
1121
1204
1122
1205
1123
1206
1124
1207
1125
1208
1126
1209
1127
1210
1128
1211
1129
1212
1130
1213
1131
1214
1132
1215
1133
1216
1134
1217
1135
1218
1136
1219
1137
1220
1138
1221
1139
1222
1140
1223
1141
1224
1142
1225
1143
1226
1144
1227
1145
1228
1146
1229
1147
1230
1148
1231
1149
1232
1150
1233
1151
1234
1152
1235
1153
1236
1154
1237
1155
1238
1156
1239
1157
1240
1158
1241
1159
1242
1160
1243
1161
1244
1162
1245
1163
1246
1164
1247
1165
1248
1166
1249
1167
1250
1168
1251
1169
1252
1170
1253
1171
1254
1172
1255
1173
1256
1174
1257
1175
1258
1259
6367
1177
1260
9062
1178
1261
1179
1262
1180
1263
1181
1264
1182
1265
1183
1266
1184
1267
1185
1268
1186
1269
1187
1270
1188
1271
1189
1272
1190
1273
1191
1274
1192
1275
1193
1276
1194
1277
1195
1278
1196
1279
1197
1280
1198
1281
1199
1282
1200
1283
1201
1284
1202
1285
1203
1286
1204
1287
1205
1288
1206
1289
1207
1290
1208
1291
1209
1292
1210
1293
1211
1294
1212
1295
1213
1296
1214
1297
1215
1298
1216
1299
1217
1300
1218
1301
1219
1302
1220
1303
1221
1304
1222
1305
1223
1306
1224
1307
1225
1308
1226
1309
1227
1310
1228
1311
1229
1312
1230
1313
1231
1314
1232
1315
1233
1316
1234
1317
1235
1318
1236
1319
1237
1320
1238
1321
1239
1322
1240
1323
1241
1324
1242
1325
1243
1326
1244
1327
1245
1328
1246
1329
1247
1330
1248
1331
1249
1332
1250
1333
1251
1334
1252
1335
1253
1336
1254
1337
1255
1338
1256
1339
1257
1340
1258
1341
1259
1342
1343
6357
1261
1344
9045
1262
1345
1263
1346
1264
1347
1265
1348
1266
1349
1267
1350
1268
1351
1269
1352
1270
1353
1271
1354
1272
1355
1273
1356
1274
1357
1275
1358
1276
1359
1277
1360
1278
1361
1279
1362
1280
1363
1281
1364
1282
1365
1283
1366
1284
1367
1285
1368
1286
1369
1287
1370
1288
1371
1289
1372
1290
1373
1291
1374
1292
1375
1293
1376
1294
1377
1295
1378
1296
1379
1297
1380
1298
1381
1299
1382
1300
1383
1301
1384
1302
1385
1303
1386
1304
1387
1305
1388
1306
1389
1307
1390
1308
1391
1309
1392
1310
1393
1311
1394
1312
1395
1313
1396
1314
1397
1315
1398
1316
1399
1317
1400
1318
1401
1319
1402
1320
1403
1321
1404
1322
1405
1323
1406
1324
1407
1325
1408
1326
1409
1327
1410
1328
1411
1329
1412
1330
1413
1331
1414
1332
1415
1333
1416
1334
1417
1335
1418
1336
1419
1337
1420
1338
1421
1339
1422
1340
1423
1341
1424
1342
1425
1343
1426
1427
6347
1345
1428
9028
1346
1429
1347
1430
1348
1431
1349
1432
1350
1433
1351
1434
1352
1435
1353
1436
1354
1437
1355
1438
1356
1439
1357
1440
1358
1441
1359
1442
1360
1443
1361
1444
1362
1445
1363
1446
1364
1447
1365
1448
1366
1449
1367
1450
1368
1451
1369
1452
1370
1453
1371
1454
1372
1455
1373
1456
1374
1457
1375
1458
1376
1459
1377
1460
1378
1461
1379
1462
1380
1463
1381
1464
1382
1465
1383
1466
1384
1467
1385
1468
1386
1469
1387
1470
1388
1471
1389
1472
1390
1473
1391
1474
1392
1475
1393
1476
1394
1477
1395
1478
1396
1479
1397
1480
1398
1481
1399
1482
1400
1483
1401
1484
1402
1485
1403
1486
1404
1487
1405
1488
1406
1489
1407
1490
1408
1491
1409
1492
1410
1493
1411
1494
1412
1495
1413
1496
1414
1497
1415
1498
1416
1499
1417
1500
1418
1501
1419
1502
1420
1503
1421
1504
1422
1505
1423
1506
1424
1507
1425
1508
1426
1509
1427
1510
1511
6337
1429
1512
9011
1430
1513
1431
1514
1432
1515
1433
1516
1434
1517
1435
1518
1436
1519
1437
1520
1438
1521
1439
1522
1440
1523
1441
1524
1442
1525
1443
1526
1444
1527
1445
1528
1446
1529
1447
1530
1448
1531
1449
1532
1450
1533
1451
1534
1452
1535
1453
1536
1454
1537
1455
1538
1456
1539
1457
1540
1458
1541
1459
1542
1460
1543
1461
1544
1462
1545
1463
1546
1464
1547
1465
1548
1466
1549
1467
1550
1468
1551
1469
1552
1470
1553
1471
1554
1472
1555
1473
1556
1474
1557
1475
1558
1476
1559
1477
1560
1478
1561
1479
1562
1480
1563
1481
1564
1482
1565
1483
1566
1484
1567
1485
1568
1486
1569
1487
1570
1488
1571
1489
1572
1490
1573
1491
1574
1492
1575
1493
1576
1494
1577
1495
1578
1496
1579
1497
1580
1498
1581
1499
1582
1500
1583
1501
1584
1502
1585
1503
1586
1504
1587
1505
1588
1506
1589
1507
1590
1508
1591
1509
1592
1510
1593
1511
1594
1595
6327
1513
1596
8994
1514
1597
1515
1598
1516
1599
1517
1600
1518
1601
1519
1602
1520
1603
1521
1604
1522
1605
1523
1606
1524
1607
1525
1608
1526
1609
1527
1610
1528
1611
1529
1612
1530
1613
1531
1614
1532
1615
1533
1616
1534
1617
1535
1618
1536
1619
1537
1620
1538
1621
1539
1622
1540
1623
1541
1624
1542
1625
1543
1626
1544
1627
1545
1628
1546
1629
1547
1630
1548
1631
1549
1632
1550
1633
1551
1634
1552
1635
1553
1636
1554
1637
1555
1638
1556
1639
1557
1640
1558
1641
1559
1642
1560
1643
1561
1644
1562
1645
1563
1646
1564
1647
1565
1648
1566
1649
1567
1650
1568
1651
1569
1652
1570
1653
1571
1654
1572
1655
1573
1656
1574
1657
1575
1658
1576
1659
1577
1660
1578
1661
1579
1662
1580
1663
1581
1664
1582
1665
1583
1666
1584
1667
1585
1668
1586
1669
1587
1670
1588
1671
1589
1672
1590
1673
1591
1674
1592
1675
1593
1676
1594
1677
1595
1678
1679
6317
1597
1680
8977
1598
1681
1599
1682
1600
1683
1601
1684
1602
1685
1603
1686
1604
1687
1605
1688
1606
1689
1607
1690
1608
1691
1609
1692
1610
1693
1611
1694
1612
1695
1613
1696
1614
1697
1615
1698
1616
1699
1617
1700
1618
1701
1619
1702
1620
1703
1621
1704
1622
1705
1623
1706
1624
1707
1625
1708
1626
1709
1627
1710
1628
1711
1629
1712
1630
1713
1631
1714
1632
1715
1633
1716
1634
1717
1635
1718
1636
1719
1637
1720
1638
1721
1639
1722
1640
1723
1641
1724
1642
1725
1643
1726
1644
1727
1645
1728
1646
1729
1647
1730
1648
1731
1649
1732
1650
1733
1651
1734
1652
1735
1653
1736
1654
1737
1655
1738
1656
1739
1657
1740
1658
1741
1659
1742
1660
1743
1661
1744
1662
1745
1663
1746
1664
1747
1665
1748
1666
1749
1667
1750
1668
1751
1669
1752
1670
1753
1671
1754
1672
1755
1673
1756
1674
1757
1675
1758
1676
1759
1677
1760
1678
1761
1679
1762
1763
6307
1681
1764
8960
1682
1765
1683
1766
1684
1767
1685
1768
1686
1769
1687
1770
1688
1771
1689
1772
1690
1773
1691
1774
1692
1775
1693
1776
1694
1777
1695
1778
1696
1779
1697
1780
1698
1781
1699
1782
1700
1783
1701
1784
1702
1785
1703
1786
1704
1787
1705
1788
1706
1789
1707
1790
1708
1791
1709
1792
1710
1793
1711
1794
1712
1795
1713
1796
1714
1797
1715
1798
1716
1799
1717
1800
1718
1801
1719
1802
1720
1803
1721
1804
1722
1805
1723
1806
1724
1807
1725
1808
1726
1809
1727
1810
1728
1811
1729
1812
1730
1813
1731
1814
1732
1815
1733
1816
1734
1817
1735
1818
1736
1819
1737
1820
1738
1821
1739
1822
1740
1823
1741
1824
1742
1825
1743
1826
1744
1827
1745
1828
1746
1829
1747
1830
1748
1831
1749
1832
1750
1833
1751
1834
1752
1835
1753
1836
1754
1837
1755
1838
1756
1839
1757
1840
1758
1841
1759
1842
1760
1843
1761
1844
1762
1845
1763
1846
1847
6297
1765
1848
8943
1766
1849
1767
1850
1768
1851
1769
1852
1770
1853
1771
1854
1772
1855
1773
1856
1774
1857
1775
1858
1776
1859
1777
1860
1778
1861
1779
1862
1780
1863
1781
1864
1782
1865
1783
1866
1784
1867
1785
1868
1786
1869
1787
1870
1788
1871
1789
1872
1790
1873
1791
1874
1792
1875
1793
1876
1794
1877
1795
1878
1796
1879
1797
1880
1798
1881
1799
1882
1800
1883
1801
1884
1802
1885
1803
1886
1804
1887
1805
1888
1806
1889
1807
1890
1808
1891
1809
1892
1810
1893
1811
1894
1812
1895
1813
1896
1814
1897
1815
1898
1816
1899
1817
1900
1818
1901
1819
1902
1820
1903
1821
1904
1822
1905
1823
1906
1824
1907
1825
1908
1826
1909
1827
1910
1828
1911
1829
1912
1830
1913
1831
1914
1832
1915
1833
1916
1834
1917
1835
1918
1836
1919
1837
1920
1838
1921
1839
1922
1840
1923
1841
1924
1842
1925
1843
1926
1844
1927
1845
1928
1846
1929
1847
1930
1931
6287
1849
1932
8926
1850
1933
1851
1934
1852
1935
1853
1936
1854
1937
1855
1938
1856
1939
1857
1940
1858
1941
1859
1942
1860
1943
1861
1944
1862
1945
1863
1946
1864
1947
1865
1948
1866
1949
1867
1950
1868
1951
1869
1952
1870
1953
1871
1954
1872
1955
1873
1956
1874
1957
1875
1958
1876
1959
1877
1960
1878
1961
1879
1962
1880
1963
1881
1964
1882
1965
1883
1966
1884
1967
1885
1968
1886
1969
1887
1970
1888
1971
1889
1972
1890
1973
1891
1974
1892
1975
1893
1976
1894
1977
1895
1978
1896
1979
1897
1980
1898
1981
1899
1982
1900
1983
1901
1984
1902
1985
1903
1986
1904
1987
1905
1988
1906
1989
1907
1990
1908
1991
1909
1992
1910
1993
1911
1994
1912
1995
1913
1996
1914
1997
1915
1998
1916
1999
1917
2000
1918
2001
1919
2002
1920
2003
1921
2004
1922
2005
1923
2006
1924
2007
1925
2008
1926
2009
1927
2010
1928
2011
1929
2012
1930
2013
1931
2014
2015
6277
1933
2016
8909
1934
2017
1935
2018
1936
2019
1937
2020
1938
2021
1939
2022
1940
2023
1941
2024
1942
2025
1943
2026
1944
2027
1945
2028
1946
2029
1947
2030
1948
2031
1949
2032
1950
2033
1951
2034
1952
2035
1953
2036
1954
2037
1955
2038
1956
2039
1957
2040
1958
2041
1959
2042
1960
2043
1961
2044
1962
2045
1963
2046
1964
2047
1965
2048
1966
2049
1967
2050
1968
2051
1969
2052
1970
2053
1971
2054
1972
2055
1973
2056
1974
2057
1975
2058
1976
2059
1977
2060
1978
2061
1979
2062
1980
2063
1981
2064
1982
2065
1983
2066
1984
2067
1985
2068
1986
2069
1987
2070
1988
2071
1989
2072
1990
2073
1991
2074
1992
2075
1993
2076
1994
2077
1995
2078
1996
2079
1997
2080
1998
2081
1999
2082
2000
2083
2001
2084
2002
2085
2003
2086
2004
2087
2005
2088
2006
2089
2007
2090
2008
2091
2009
2092
2010
2093
2011
2094
2012
2095
2013
2096
2014
2097
2015
2098
2099
6267
2017
2100
8892
2018
2101
2019
2102
2020
2103
2021
2104
2022
2105
2023
2106
2024
2107
2025
2108
2026
2109
2027
2110
2028
2111
2029
2112
2030
2113
2031
2114
2032
2115
2033
2116
2034
2117
2035
2118
2036
2119
2037
2120
2038
2121
2039
2122
2040
2123
2041
2124
2042
2125
2043
2126
2044
2127
2045
2128
2046
2129
2047
2130
2048
2131
2049
2132
2050
2133
2051
2134
2052
2135
2053
2136
2054
2137
2055
2138
2056
2139
2057
2140
2058
2141
2059
2142
2060
2143
2061
2144
2062
2145
2063
2146
2064
2147
2065
2148
2066
2149
2067
2150
2068
2151
2069
2152
2070
2153
2071
2154
2072
2155
2073
2156
2074
2157
2075
2158
2076
2159
2077
2160
2078
2161
2079
2162
2080
2163
2081
2164
2082
2165
2083
2166
2084
2167
2085
2168
2086
2169
2087
2170
2088
2171
2089
2172
2090
2173
2091
2174
2092
2175
2093
2176
2094
2177
2095
2178
2096
2179
2097
2180
2098
2181
2099
2182
2183
6257
2101
2184
8875
2102
2185
2103
2186
2104
2187
2105
2188
2106
2189
2107
2190
2108
2191
2109
2192
2110
2193
2111
2194
2112
2195
2113
2196
2114
2197
2115
2198
2116
2199
2117
2200
2118
2201
2119
2202
2120
2203
2121
2204
2122
2205
2123
2206
2124
2207
2125
2208
2126
2209
2127
2210
2128
2211
2129
2212
2130
2213
2131
2214
2132
2215
2133
2216
2134
2217
2135
2218
2136
2219
2137
2220
2138
2221
2139
2222
2140
2223
2141
2224
2142
2225
2143
2226
2144
2227
2145
2228
2146
2229
2147
2230
2148
2231
2149
2232
2150
2233
2151
2234
2152
2235
2153
2236
2154
2237
2155
2238
2156
2239
2157
2240
2158
2241
2159
2242
2160
2243
2161
2244
2162
2245
2163
2246
2164
2247
2165
2248
2166
2249
2167
2250
2168
2251
2169
2252
2170
2253
2171
2254
2172
2255
2173
2256
2174
2257
2175
2258
2176
2259
2177
2260
2178
2261
2179
2262
2180
2263
2181
2264
2182
2265
2183
2266
2267
6247
2185
2268
8858
2186
2269
2187
2270
2188
2271
2189
2272
2190
2273
2191
2274
2192
2275
2193
2276
2194
2277
2195
2278
2196
2279
2197
2280
2198
2281
2199
2282
2200
2283
2201
2284
2202
2285
2203
2286
2204
2287
2205
2288
2206
2289
2207
2290
2208
2291
2209
2292
2210
2293
2211
2294
2212
2295
2213
2296
2214
2297
2215
2298
2216
2299
2217
2300
2218
2301
2219
2302
2220
2303
2221
2304
2222
2305
2223
2306
2224
2307
2225
2308
2226
2309
2227
2310
2228
2311
2229
2312
2230
2313
2231
2314
2232
2315
2233
2316
2234
2317
2235
2318
2236
2319
2237
2320
2238
2321
2239
2322
2240
2323
2241
2324
2242
2325
2243
2326
2244
2327
2245
2328
2246
2329
2247
2330
2248
2331
2249
2332
2250
2333
2251
2334
2252
2335
2253
2336
2254
2337
2255
2338
2256
2339
2257
2340
2258
2341
2259
2342
2260
2343
2261
2344
2262
2345
2263
2346
2264
2347
2265
2348
2266
2349
2267
2350
2351
6237
2269
2352
8841
2270
2353
2271
2354
2272
2355
2273
2356
2274
2357
2275
2358
2276
2359
2277
2360
2278
2361
2279
2362
2280
2363
2281
2364
2282
2365
2283
2366
2284
2367
2285
2368
2286
2369
2287
2370
2288
2371
2289
2372
2290
2373
2291
2374
2292
2375
2293
2376
2294
2377
2295
2378
2296
2379
2297
2380
2298
2381
2299
2382
2300
2383
2301
2384
2302
2385
2303
2386
2304
2387
2305
2388
2306
2389
2307
2390
2308
2391
2309
2392
2310
2393
2311
2394
2312
2395
2313
2396
2314
2397
2315
2398
2316
2399
2317
2400
2318
2401
2319
2402
2320
2403
2321
2404
2322
2405
2323
2406
2324
2407
2325
2408
2326
2409
2327
2410
2328
2411
2329
2412
2330
2413
2331
2414
2332
2415
2333
2416
2334
2417
2335
2418
2336
2419
2337
2420
2338
2421
2339
2422
2340
2423
2341
2424
2342
2425
2343
2426
2344
2427
2345
2428
2346
2429
2347
2430
2348
2431
2349
2432
2350
2433
2351
2434
2435
6227
2353
2436
8824
2354
2437
2355
2438
2356
2439
2357
2440
2358
2441
2359
2442
2360
2443
2361
2444
2362
2445
2363
2446
2364
2447
2365
2448
2366
2449
2367
2450
2368
2451
2369
2452
2370
2453
2371
2454
2372
2455
2373
2456
2374
2457
2375
2458
2376
2459
2377
2460
2378
2461
2379
2462
2380
2463
2381
2464
2382
2465
2383
2466
2384
2467
2385
2468
2386
2469
2387
2470
2388
2471
2389
2472
2390
2473
2391
2474
2392
2475
2393
2476
2394
2477
2395
2478
2396
2479
2397
2480
2398
2481
2399
2482
2400
2483
2401
2484
2402
2485
2403
2486
2404
2487
2405
2488
2406
2489
2407
2490
2408
2491
2409
2492
2410
2493
2411
2494
2412
2495
2413
2496
2414
2497
2415
2498
2416
2499
2417
2500
2418
2501
2419
2502
2420
2503
2421
2504
2422
2505
2423
2506
2424
2507
2425
2508
2426
2509
2427
2510
2428
2511
2429
2512
2430
2513
2431
2514
2432
2515
2433
2516
2434
2517
2435
2518
2519
6217
2437
2520
8807
2438
2521
2439
2522
2440
2523
2441
2524
2442
2525
2443
2526
2444
2527
2445
2528
2446
2529
2447
2530
2448
2531
2449
2532
2450
2533
2451
2534
2452
2535
2453
2536
2454
2537
2455
2538
2456
2539
2457
2540
2458
2541
2459
2542
2460
2543
2461
2544
2462
2545
2463
2546
2464
2547
2465
2548
2466
2549
2467
2550
2468
2551
2469
2552
2470
2553
2471
2554
2472
2555
2473
2556
2474
2557
2475
2558
2476
2559
2477
2560
2478
2561
2479
2562
2480
2563
2481
2564
2482
2565
2483
2566
2484
2567
2485
2568
2486
2569
2487
2570
2488
2571
2489
2572
2490
2573
2491
2574
2492
2575
2493
2576
2494
2577
2495
2578
2496
2579
2497
2580
2498
2581
2499
2582
2500
2583
2501
2584
2502
2585
2503
2586
2504
2587
2505
2588
2506
2589
2507
2590
2508
2591
2509
2592
2510
2593
2511
2594
2512
2595
2513
2596
2514
2597
2515
2598
2516
2599
2517
2600
2518
2601
2519
2602
2603
6207
2521
2604
8790
2522
2605
2523
2606
2524
2607
2525
2608
2526
2609
2527
2610
2528
2611
2529
2612
2530
2613
2531
2614
2532
2615
2533
2616
2534
2617
2535
2618
2536
2619
2537
2620
2538
2621
2539
2622
2540
2623
2541
2624
2542
2625
2543
2626
2544
2627
2545
2628
2546
2629
2547
2630
2548
2631
2549
2632
2550
2633
2551
2634
2552
2635
2553
2636
2554
2637
2555
2638
2556
2639
2557
2640
2558
2641
2559
2642
2560
2643
2561
2644
2562
2645
2563
2646
2564
2647
2565
2648
2566
2649
2567
2650
2568
2651
2569
2652
2570
2653
2571
2654
2572
2655
2573
2656
2574
2657
2575
2658
2576
2659
2577
2660
2578
2661
2579
2662
2580
2663
2581
2664
2582
2665
2583
2666
2584
2667
2585
2668
2586
2669
2587
2670
2588
2671
2589
2672
2590
2673
2591
2674
2592
2675
2593
2676
2594
2677
2595
2678
2596
2679
2597
2680
2598
2681
2599
2682
2600
2683
2601
2684
2602
2685
2603
2686
2687
6197
2605
2688
8773
2606
2689
2607
2690
2608
2691
2609
2692
2610
2693
2611
2694
2612
2695
2613
2696
2614
2697
2615
2698
2616
2699
2617
2700
2618
2701
2619
2702
2620
2703
2621
2704
2622
2705
2623
2706
2624
2707
2625
2708
2626
2709
2627
2710
2628
2711
2629
2712
2630
2713
2631
2714
2632
2715
2633
2716
2634
2717
2635
2718
2636
2719
2637
2720
2638
2721
2639
2722
2640
2723
2641
2724
2642
2725
2643
2726
2644
2727
2645
2728
2646
2729
2647
2730
2648
2731
2649
2732
2650
2733
2651
2734
2652
2735
2653
2736
2654
2737
2655
2738
2656
2739
2657
2740
2658
2741
2659
2742
2660
2743
2661
2744
2662
2745
2663
2746
2664
2747
2665
2748
2666
2749
2667
2750
2668
2751
2669
2752
2670
2753
2671
2754
2672
2755
2673
2756
2674
2757
2675
2758
2676
2759
2677
2760
2678
2761
2679
2762
2680
2763
2681
2764
2682
2765
2683
2766
2684
2767
2685
2768
2686
2769
2687
2770
2771
6187
2689
2772
8756
2690
2773
2691
2774
2692
2775
2693
2776
2694
2777
2695
2778
2696
2779
2697
2780
2698
2781
2699
2782
2700
2783
2701
2784
2702
2785
2703
2786
2704
2787
2705
2788
2706
2789
2707
2790
2708
2791
2709
2792
2710
2793
2711
2794
2712
2795
2713
2796
2714
2797
2715
2798
2716
2799
2717
2800
2718
2801
2719
2802
2720
2803
2721
2804
2722
2805
2723
2806
2724
2807
2725
2808
2726
2809
2727
2810
2728
2811
2729
2812
2730
2813
2731
2814
2732
2815
2733
2816
2734
2817
2735
2818
2736
2819
2737
2820
2738
2821
2739
2822
2740
2823
2741
2824
2742
2825
2743
2826
2744
2827
2745
2828
2746
2829
2747
2830
2748
2831
2749
2832
2750
2833
2751
2834
2752
2835
2753
2836
2754
2837
2755
2838
2756
2839
2757
2840
2758
2841
2759
2842
2760
2843
2761
2844
2762
2845
2763
2846
2764
2847
2765
2848
2766
2849
2767
2850
2768
2851
2769
2852
2770
2853
2771
2854
2855
6177
2773
2856
8739
2774
2857
2775
2858
2776
2859
2777
2860
2778
2861
2779
2862
2780
2863
2781
2864
2782
2865
2783
2866
2784
2867
2785
2868
2786
2869
2787
2870
2788
2871
2789
2872
2790
2873
2791
2874
2792
2875
2793
2876
2794
2877
2795
2878
2796
2879
2797
2880
2798
2881
2799
2882
2800
2883
2801
2884
2802
2885
2803
2886
2804
2887
2805
2888
2806
2889
2807
2890
2808
2891
2809
2892
2810
2893
2811
2894
2812
2895
2813
2896
2814
2897
2815
2898
2816
2899
2817
2900
2818
2901
2819
2902
2820
2903
2821
2904
2822
2905
2823
2906
2824
2907
2825
2908
2826
2909
2827
2910
2828
2911
2829
2912
2830
2913
2831
2914
2832
2915
2833
2916
2834
2917
2835
2918
2836
2919
2837
2920
2838
2921
2839
2922
2840
2923
2841
2924
2842
2925
2843
2926
2844
2927
2845
2928
2846
2929
2847
2930
2848
2931
2849
2932
2850
2933
2851
2934
2852
2935
2853
2936
2854
2937
2855
2938
2939
6167
2857
2940
8722
2858
2941
2859
2942
2860
2943
2861
2944
2862
2945
2863
2946
2864
2947
2865
2948
2866
2949
2867
2950
2868
2951
2869
2952
2870
2953
2871
2954
2872
2955
2873
2956
2874
2957
2875
2958
2876
2959
2877
2960
2878
2961
2879
2962
2880
2963
2881
2964
2882
2965
2883
2966
2884
2967
2885
2968
2886
2969
2887
2970
2888
2971
2889
2972
2890
2973
2891
2974
2892
2975
2893
2976
2894
2977
2895
2978
2896
2979
2897
2980
2898
2981
2899
2982
2900
2983
2901
2984
2902
2985
2903
2986
2904
2987
2905
2988
2906
2989
2907
2990
2908
2991
2909
2992
2910
2993
2911
2994
2912
2995
2913
2996
2914
2997
2915
2998
2916
2999
2917
3000
2918
3001
2919
3002
2920
3003
2921
3004
2922
3005
2923
3006
2924
3007
2925
3008
2926
3009
2927
3010
2928
3011
2929
3012
2930
3013
2931
3014
2932
3015
2933
3016
2934
3017
2935
3018
2936
3019
2937
3020
2938
3021
2939
3022
3023
6157
2941
3024
8705
2942
3025
2943
3026
2944
3027
2945
3028
2946
3029
2947
3030
2948
3031
2949
3032
2950
3033
2951
3034
2952
3035
2953
3036
2954
3037
2955
3038
2956
3039
2957
3040
2958
3041
2959
3042
2960
3043
2961
3044
2962
3045
2963
3046
2964
3047
2965
3048
2966
3049
2967
3050
2968
3051
2969
3052
2970
3053
2971
3054
2972
3055
2973
3056
2974
3057
2975
3058
2976
3059
2977
3060
2978
3061
2979
3062
2980
3063
2981
3064
2982
3065
2983
3066
2984
3067
2985
3068
2986
3069
2987
3070
2988
3071
2989
3072
2990
3073
2991
3074
2992
3075
2993
3076
2994
3077
2995
3078
2996
3079
2997
3080
2998
3081
2999
3082
3000
3083
3001
3084
3002
3085
3003
3086
3004
3087
3005
3088
3006
3089
3007
3090
3008
3091
3009
3092
3010
3093
3011
3094
3012
3095
3013
3096
3014
3097
3015
3098
3016
3099
3017
3100
3018
3101
3019
3102
3020
3103
3021
3104
3022
3105
3023
3106
3107
6147
3025
3108
8688
3026
3109
3027
3110
3028
3111
3029
3112
3030
3113
3031
3114
3032
3115
3033
3116
3034
3117
3035
3118
3036
3119
3037
3120
3038
3121
3039
3122
3040
3123
3041
3124
3042
3125
3043
3126
3044
3127
3045
3128
3046
3129
3047
3130
3048
3131
3049
3132
3050
3133
3051
3134
3052
3135
3053
3136
3054
3137
3055
3138
3056
3139
3057
3140
3058
3141
3059
3142
3060
3143
3061
3144
3062
3145
3063
3146
3064
3147
3065
3148
3066
3149
3067
3150
3068
3151
3069
3152
3070
3153
3071
3154
3072
3155
3073
3156
3074
3157
3075
3158
3076
3159
3077
3160
3078
3161
3079
3162
3080
3163
3081
3164
3082
3165
3083
3166
3084
3167
3085
3168
3086
3169
3087
3170
3088
3171
3089
3172
3090
3173
3091
3174
3092
3175
3093
3176
3094
3177
3095
3178
3096
3179
3097
3180
3098
3181
3099
3182
3100
3183
3101
3184
3102
3185
3103
3186
3104
3187
3105
3188
3106
3189
3107
3190
3191
6137
3109
3192
8671
3110
3193
3111
3194
3112
3195
3113
3196
3114
3197
3115
3198
3116
3199
3117
3200
3118
3201
3119
3202
3120
3203
3121
3204
3122
3205
3123
3206
3124
3207
3125
3208
3126
3209
3127
3210
3128
3211
3129
3212
3130
3213
3131
3214
3132
3215
3133
3216
3134
3217
3135
3218
3136
3219
3137
3220
3138
3221
3139
3222
3140
3223
3141
3224
3142
3225
3143
3226
3144
3227
3145
3228
3146
3229
3147
3230
3148
3231
3149
3232
3150
3233
3151
3234
3152
3235
3153
3236
3154
3237
3155
3238
3156
3239
3157
3240
3158
3241
3159
3242
3160
3243
3161
3244
3162
3245
3163
3246
3164
3247
3165
3248
3166
3249
3167
3250
3168
3251
3169
3252
3170
3253
3171
3254
3172
3255
3173
3256
3174
3257
3175
3258
3176
3259
3177
3260
3178
3261
3179
3262
3180
3263
3181
3264
3182
3265
3183
3266
3184
3267
3185
3268
3186
3269
3187
3270
3188
3271
3189
3272
3190
3273
3191
3274
3275
6127
3193
3276
8654
3194
3277
3195
3278
3196
3279
3197
3280
3198
3281
3199
3282
3200
3283
3201
3284
3202
3285
3203
3286
3204
3287
3205
3288
3206
3289
3207
3290
3208
3291
3209
3292
3210
3293
3211
3294
3212
3295
3213
3296
3214
3297
3215
3298
3216
3299
3217
3300
3218
3301
3219
3302
3220
3303
3221
3304
3222
3305
3223
3306
3224
3307
3225
3308
3226
3309
3227
3310
3228
3311
3229
3312
3230
3313
3231
3314
3232
3315
3233
3316
3234
3317
3235
3318
3236
3319
3237
3320
3238
3321
3239
3322
3240
3323
3241
3324
3242
3325
3243
3326
3244
3327
3245
3328
3246
3329
3247
3330
3248
3331
3249
3332
3250
3333
3251
3334
3252
3335
3253
3336
3254
3337
3255
3338
3256
3339
3257
3340
3258
3341
3259
3342
3260
3343
3261
3344
3262
3345
3263
3346
3264
3347
3265
3348
3266
3349
3267
3350
3268
3351
3269
3352
3270
3353
3271
3354
3272
3355
3273
3356
3274
3357
3275
3358
3359
6117
3277
3360
8637
3278
3361
3279
3362
3280
3363
3281
3364
3282
3365
3283
3366
3284
3367
3285
3368
3286
3369
3287
3370
3288
3371
3289
3372
3290
3373
3291
3374
3292
3375
3293
3376
3294
3377
3295
3378
3296
3379
3297
3380
3298
3381
3299
3382
3300
3383
3301
3384
3302
3385
3303
3386
3304
3387
3305
3388
3306
3389
3307
3390
3308
3391
3309
3392
3310
3393
3311
3394
3312
3395
3313
3396
3314
3397
3315
3398
3316
3399
3317
3400
3318
3401
3319
3402
3320
3403
3321
3404
3322
3405
3323
3406
3324
3407
3325
3408
3326
3409
3327
3410
3328
3411
3329
3412
3330
3413
3331
3414
3332
3415
3333
3416
3334
3417
3335
3418
3336
3419
3337
3420
3338
3421
3339
3422
3340
3423
3341
3424
3342
3425
3343
3426
3344
3427
3345
3428
3346
3429
3347
3430
3348
3431
3349
3432
3350
3433
3351
3434
3352
3435
3353
3436
3354
3437
3355
3438
3356
3439
3357
3440
3358
3441
3359
3442
3443
6107
3361
3444
8620
3362
3445
3363
3446
3364
3447
3365
3448
3366
3449
3367
3450
3368
3451
3369
3452
3370
3453
3371
3454
3372
3455
3373
3456
3374
3457
3375
3458
3376
3459
3377
3460
3378
3461
3379
3462
3380
3463
3381
3464
3382
3465
3383
3466
3384
3467
3385
3468
3386
3469
3387
3470
3388
3471
3389
3472
3390
3473
3391
3474
3392
3475
3393
3476
3394
3477
3395
3478
3396
3479
3397
3480
3398
3481
3399
3482
3400
3483
3401
3484
3402
3485
3403
3486
3404
3487
3405
3488
3406
3489
3407
3490
3408
3491
3409
3492
3410
3493
3411
3494
3412
3495
3413
3496
3414
3497
3415
3498
3416
3499
3417
3500
3418
3501
3419
3502
3420
3503
3421
3504
3422
3505
3423
3506
3424
3507
3425
3508
3426
3509
3427
3510
3428
3511
3429
3512
3430
3513
3431
3514
3432
3515
3433
3516
3434
3517
3435
3518
3436
3519
3437
3520
3438
3521
3439
3522
3440
3523
3441
3524
3442
3525
3443
3526
3527
6097
3445
3528
8603
3446
3529
3447
3530
3448
3531
3449
3532
3450
3533
3451
3534
3452
3535
3453
3536
3454
3537
3455
3538
3456
3539
3457
3540
3458
3541
3459
3542
3460
3543
3461
3544
3462
3545
3463
3546
3464
3547
3465
3548
3466
3549
3467
3550
3468
3551
3469
3552
3470
3553
3471
3554
3472
3555
3473
3556
3474
3557
3475
3558
3476
3559
3477
3560
3478
3561
3479
3562
3480
3563
3481
3564
3482
3565
3483
3566
3484
3567
3485
3568
3486
3569
3487
3570
3488
3571
3489
3572
3490
3573
3491
3574
3492
3575
3493
3576
3494
3577
3495
3578
3496
3579
3497
3580
3498
3581
3499
3582
3500
3583
3501
3584
3502
3585
3503
3586
3504
3587
3505
3588
3506
3589
3507
3590
3508
3591
3509
3592
3510
3593
3511
3594
3512
3595
3513
3596
3514
3597
3515
3598
3516
3599
3517
3600
3518
3601
3519
3602
3520
3603
3521
3604
3522
3605
3523
3606
3524
3607
3525
3608
3526
3609
3527
3610
3611
6087
3529
3612
8586
3530
3613
3531
3614
3532
3615
3533
3616
3534
3617
3535
3618
3536
3619
3537
3620
3538
3621
3539
3622
3540
3623
3541
3624
3542
3625
3543
3626
3544
3627
3545
3628
3546
3629
3547
3630
3548
3631
3549
3632
3550
3633
3551
3634
3552
3635
3553
3636
3554
3637
3555
3638
3556
3639
3557
3640
3558
3641
3559
3642
3560
3643
3561
3644
3562
3645
3563
3646
3564
3647
3565
3648
3566
3649
3567
3650
3568
3651
3569
3652
3570
3653
3571
3654
3572
3655
3573
3656
3574
3657
3575
3658
3576
3659
3577
3660
3578
3661
3579
3662
3580
3663
3581
3664
3582
3665
3583
3666
3584
3667
3585
3668
3586
3669
3587
3670
3588
3671
3589
3672
3590
3673
3591
3674
3592
3675
3593
3676
3594
3677
3595
3678
3596
3679
3597
3680
3598
3681
3599
3682
3600
3683
3601
3684
3602
3685
3603
3686
3604
3687
3605
3688
3606
3689
3607
3690
3608
3691
3609
3692
3610
3693
3611
3694
3695
6077
3613
3696
8569
3614
3697
3615
3698
3616
3699
3617
3700
3618
3701
3619
3702
3620
3703
3621
3704
3622
3705
3623
3706
3624
3707
3625
3708
3626
3709
3627
3710
3628
3711
3629
3712
3630
3713
3631
3714
3632
3715
3633
3716
3634
3717
3635
3718
3636
3719
3637
3720
3638
3721
3639
3722
3640
3723
3641
3724
3642
3725
3643
3726
3644
3727
3645
3728
3646
3729
3647
3730
3648
3731
3649
3732
3650
3733
3651
3734
3652
3735
3653
3736
3654
3737
3655
3738
3656
3739
3657
3740
3658
3741
3659
3742
3660
3743
3661
3744
3662
3745
3663
3746
3664
3747
3665
3748
3666
3749
3667
3750
3668
3751
3669
3752
3670
3753
3671
3754
3672
3755
3673
3756
3674
3757
3675
3758
3676
3759
3677
3760
3678
3761
3679
3762
3680
3763
3681
3764
3682
3765
3683
3766
3684
3767
3685
3768
3686
3769
3687
3770
3688
3771
3689
3772
3690
3773
3691
3774
3692
3775
3693
3776
3694
3777
3695
3778
3779
6067
3697
3780
8552
3698
3781
3699
3782
3700
3783
3701
3784
3702
3785
3703
3786
3704
3787
3705
3788
3706
3789
3707
3790
3708
3791
3709
3792
3710
3793
3711
3794
3712
3795
3713
3796
3714
3797
3715
3798
3716
3799
3717
3800
3718
3801
3719
3802
3720
3803
3721
3804
3722
3805
3723
3806
3724
3807
3725
3808
3726
3809
3727
3810
3728
3811
3729
3812
3730
3813
3731
3814
3732
3815
3733
3816
3734
3817
3735
3818
3736
3819
3737
3820
3738
3821
3739
3822
3740
3823
3741
3824
3742
3825
3743
3826
3744
3827
3745
3828
3746
3829
3747
3830
3748
3831
3749
3832
3750
3833
3751
3834
3752
3835
3753
3836
3754
3837
3755
3838
3756
3839
3757
3840
3758
3841
3759
3842
3760
3843
3761
3844
3762
3845
3763
3846
3764
3847
3765
3848
3766
3849
3767
3850
3768
3851
3769
3852
3770
3853
3771
3854
3772
3855
3773
3856
3774
3857
3775
3858
3776
3859
3777
3860
3778
3861
3779
3862
3863
6057
3781
3864
8535
3782
3865
3783
3866
3784
3867
3785
3868
3786
3869
3787
3870
3788
3871
3789
3872
3790
3873
3791
3874
3792
3875
3793
3876
3794
3877
3795
3878
3796
3879
3797
3880
3798
3881
3799
3882
3800
3883
3801
3884
3802
3885
3803
3886
3804
3887
3805
3888
3806
3889
3807
3890
3808
3891
3809
3892
3810
3893
3811
3894
3812
3895
3813
3896
3814
3897
3815
3898
3816
3899
3817
3900
3818
3901
3819
3902
3820
3903
3821
3904
3822
3905
3823
3906
3824
3907
3825
3908
3826
3909
3827
3910
3828
3911
3829
3912
3830
3913
3831
3914
3832
3915
3833
3916
3834
3917
3835
3918
3836
3919
3837
3920
3838
3921
3839
3922
3840
3923
3841
3924
3842
3925
3843
3926
3844
3927
3845
3928
3846
3929
3847
3930
3848
3931
3849
3932
3850
3933
3851
3934
3852
3935
3853
3936
3854
3937
3855
3938
3856
3939
3857
3940
3858
3941
3859
3942
3860
3943
3861
3944
3862
3945
3863
3946
3947
6047
3865
3948
8518
3866
3949
3867
3950
3868
3951
3869
3952
3870
3953
3871
3954
3872
3955
3873
3956
3874
3957
3875
3958
3876
3959
3877
3960
3878
3961
3879
3962
3880
3963
3881
3964
3882
3965
3883
3966
3884
3967
3885
3968
3886
3969
3887
3970
3888
3971
3889
3972
3890
3973
3891
3974
3892
3975
3893
3976
3894
3977
3895
3978
3896
3979
3897
3980
3898
3981
3899
3982
3900
3983
3901
3984
3902
3985
3903
3986
3904
3987
3905
3988
3906
3989
3907
3990
3908
3991
3909
3992
3910
3993
3911
3994
3912
3995
3913
3996
3914
3997
3915
3998
3916
3999
3917
4000
3918
4001
3919
4002
3920
4003
3921
4004
3922
4005
3923
4006
3924
4007
3925
4008
3926
4009
3927
4010
3928
4011
3929
4012
3930
4013
3931
4014
3932
4015
3933
4016
3934
4017
3935
4018
3936
4019
3937
4020
3938
4021
3939
4022
3940
4023
3941
4024
3942
4025
3943
4026
3944
4027
3945
4028
3946
4029
3947
4030
4031
6037
3949
4032
8501
3950
4033
3951
4034
3952
4035
3953
4036
3954
4037
3955
4038
3956
4039
3957
4040
3958
4041
3959
4042
3960
4043
3961
4044
3962
4045
3963
4046
3964
4047
3965
4048
3966
4049
3967
4050
3968
4051
3969
4052
3970
4053
3971
4054
3972
4055
3973
4056
3974
4057
3975
4058
3976
4059
3977
4060
3978
4061
3979
4062
3980
4063
3981
4064
3982
4065
3983
4066
3984
4067
3985
4068
3986
4069
3987
4070
3988
4071
3989
4072
3990
4073
3991
4074
3992
4075
3993
4076
3994
4077
3995
4078
3996
4079
3997
4080
3998
4081
3999
4082
4000
4083
4001
4084
4002
4085
4003
4086
4004
4087
4005
4088
4006
4089
4007
4090
4008
4091
4009
4092
4010
4093
4011
4094
4012
4095
4013
4096
4014
4097
4015
4098
4016
4099
4017
4100
4018
4101
4019
4102
4020
4103
4021
4104
4022
4105
4023
4106
4024
4107
4025
4108
4026
4109
4027
4110
4028
4111
4029
4112
4030
4113
4031
4114
4115
6027
4033
4116
8484
4034
4117
4035
4118
4036
4119
4037
4120
4038
4121
4039
4122
4040
4123
4041
4124
4042
4125
4043
4126
4044
4127
4045
4128
4046
4129
4047
4130
4048
4131
4049
4132
4050
4133
4051
4134
4052
4135
4053
4136
4054
4137
4055
4138
4056
4139
4057
4140
4058
4141
4059
4142
4060
4143
4061
4144
4062
4145
4063
4146
4064
4147
4065
4148
4066
4149
4067
4150
4068
4151
4069
4152
4070
4153
4071
4154
4072
4155
4073
4156
4074
4157
4075
4158
4076
4159
4077
4160
4078
4161
4079
4162
4080
4163
4081
4164
4082
4165
4083
4166
4084
4167
4085
4168
4086
4169
4087
4170
4088
4171
4089
4172
4090
4173
4091
4174
4092
4175
4093
4176
4094
4177
4095
4178
4096
4179
4097
4180
4098
4181
4099
4182
4100
4183
4101
4184
4102
4185
4103
4186
4104
4187
4105
4188
4106
4189
4107
4190
4108
4191
4109
4192
4110
4193
4111
4194
4112
4195
4113
4196
4114
4197
4115
4198
4199
6017
4117
4200
8467
4118
4201
4119
4202
4120
4203
4121
4204
4122
4205
4123
4206
4124
4207
4125
4208
4126
4209
4127
4210
4128
4211
4129
4212
4130
4213
4131
4214
4132
4215
4133
4216
4134
4217
4135
4218
4136
4219
4137
4220
4138
4221
4139
4222
4140
4223
4141
4224
4142
4225
4143
4226
4144
4227
4145
4228
4146
4229
4147
4230
4148
4231
4149
4232
4150
4233
4151
4234
4152
4235
4153
4236
4154
4237
4155
4238
4156
4239
4157
4240
4158
4241
4159
4242
4160
4243
4161
4244
4162
4245
4163
4246
4164
4247
4165
4248
4166
4249
4167
4250
4168
4251
4169
4252
4170
4253
4171
4254
4172
4255
4173
4256
4174
4257
4175
4258
4176
4259
4177
4260
4178
4261
4179
4262
4180
4263
4181
4264
4182
4265
4183
4266
4184
4267
4185
4268
4186
4269
4187
4270
4188
4271
4189
4272
4190
4273
4191
4274
4192
4275
4193
4276
4194
4277
4195
4278
4196
4279
4197
4280
4198
4281
4199
4282
4283
6007
4201
4284
8450
4202
4285
4203
4286
4204
4287
4205
4288
4206
4289
4207
4290
4208
4291
4209
4292
4210
4293
4211
4294
4212
4295
4213
4296
4214
4297
4215
4298
4216
4299
4217
4300
4218
4301
4219
4302
4220
4303
4221
4304
4222
4305
4223
4306
4224
4307
4225
4308
4226
4309
4227
4310
4228
4311
4229
4312
4230
4313
4231
4314
4232
4315
4233
4316
4234
4317
4235
4318
4236
4319
4237
4320
4238
4321
4239
4322
4240
4323
4241
4324
4242
4325
4243
4326
4244
4327
4245
4328
4246
4329
4247
4330
4248
4331
4249
4332
4250
4333
4251
4334
4252
4335
4253
4336
4254
4337
4255
4338
4256
4339
4257
4340
4258
4341
4259
4342
4260
4343
4261
4344
4262
4345
4263
4346
4264
4347
4265
4348
4266
4349
4267
4350
4268
4351
4269
4352
4270
4353
4271
4354
4272
4355
4273
4356
4274
4357
4275
4358
4276
4359
4277
4360
4278
4361
4279
4362
4280
4363
4281
4364
4282
4365
4283
4366
4367
5997
4285
4368
8433
4286
4369
4287
4370
4288
4371
4289
4372
4290
4373
4291
4374
4292
4375
4293
4376
4294
4377
4295
4378
4296
4379
4297
4380
4298
4381
4299
4382
4300
4383
4301
4384
4302
4385
4303
4386
4304
4387
4305
4388
4306
4389
4307
4390
4308
4391
4309
4392
4310
4393
4311
4394
4312
4395
4313
4396
4314
4397
4315
4398
4316
4399
4317
4400
4318
4401
4319
4402
4320
4403
4321
4404
4322
4405
4323
4406
4324
4407
4325
4408
4326
4409
4327
4410
4328
4411
4329
4412
4330
4413
4331
4414
4332
4415
4333
4416
4334
4417
4335
4418
4336
4419
4337
4420
4338
4421
4339
4422
4340
4423
4341
4424
4342
4425
4343
4426
4344
4427
4345
4428
4346
4429
4347
4430
4348
4431
4349
4432
4350
4433
4351
4434
4352
4435
4353
4436
4354
4437
4355
4438
4356
4439
4357
4440
4358
4441
4359
4442
4360
4443
4361
4444
4362
4445
4363
4446
4364
4447
4365
4448
4366
4449
4367
4450
4451
5987
4369
4452
8416
4370
4453
4371
4454
4372
4455
4373
4456
4374
4457
4375
4458
4376
4459
4377
4460
4378
4461
4379
4462
4380
4463
4381
4464
4382
4465
4383
4466
4384
4467
4385
4468
4386
4469
4387
4470
4388
4471
4389
4472
4390
4473
4391
4474
4392
4475
4393
4476
4394
4477
4395
4478
4396
4479
4397
4480
4398
4481
4399
4482
4400
4483
4401
4484
4402
4485
4403
4486
4404
4487
4405
4488
4406
4489
4407
4490
4408
4491
4409
4492
4410
4493
4411
4494
4412
4495
4413
4496
4414
4497
4415
4498
4416
4499
4417
4500
4418
4501
4419
4502
4420
4503
4421
4504
4422
4505
4423
4506
4424
4507
4425
4508
4426
4509
4427
4510
4428
4511
4429
4512
4430
4513
4431
4514
4432
4515
4433
4516
4434
4517
4435
4518
4436
4519
4437
4520
4438
4521
4439
4522
4440
4523
4441
4524
4442
4525
4443
4526
4444
4527
4445
4528
4446
4529
4447
4530
4448
4531
4449
4532
4450
4533
4451
4534
4535
5977
4453
4536
8399
4454
4537
4455
4538
4456
4539
4457
4540
4458
4541
4459
4542
4460
4543
4461
4544
4462
4545
4463
4546
4464
4547
4465
4548
4466
4549
4467
4550
4468
4551
4469
4552
4470
4553
4471
4554
4472
4555
4473
4556
4474
4557
4475
4558
4476
4559
4477
4560
4478
4561
4479
4562
4480
4563
4481
4564
4482
4565
4483
4566
4484
4567
4485
4568
4486
4569
4487
4570
4488
4571
4489
4572
4490
4573
4491
4574
4492
4575
4493
4576
4494
4577
4495
4578
4496
4579
4497
4580
4498
4581
4499
4582
4500
4583
4501
4584
4502
4585
4503
4586
4504
4587
4505
4588
4506
4589
4507
4590
4508
4591
4509
4592
4510
4593
4511
4594
4512
4595
4513
4596
4514
4597
4515
4598
4516
4599
4517
4600
4518
4601
4519
4602
4520
4603
4521
4604
4522
4605
4523
4606
4524
4607
4525
4608
4526
4609
4527
4610
4528
4611
4529
4612
4530
4613
4531
4614
4532
4615
4533
4616
4534
4617
4535
4618
4619
5967
4537
4620
8382
4538
4621
4539
4622
4540
4623
4541
4624
4542
4625
4543
4626
4544
4627
4545
4628
4546
4629
4547
4630
4548
4631
4549
4632
4550
4633
4551
4634
4552
4635
4553
4636
4554
4637
4555
4638
4556
4639
4557
4640
4558
4641
4559
4642
4560
4643
4561
4644
4562
4645
4563
4646
4564
4647
4565
4648
4566
4649
4567
4650
4568
4651
4569
4652
4570
4653
4571
4654
4572
4655
4573
4656
4574
4657
4575
4658
4576
4659
4577
4660
4578
4661
4579
4662
4580
4663
4581
4664
4582
4665
4583
4666
4584
4667
4585
4668
4586
4669
4587
4670
4588
4671
4589
4672
4590
4673
4591
4674
4592
4675
4593
4676
4594
4677
4595
4678
4596
4679
4597
4680
4598
4681
4599
4682
4600
4683
4601
4684
4602
4685
4603
4686
4604
4687
4605
4688
4606
4689
4607
4690
4608
4691
4609
4692
4610
4693
4611
4694
4612
4695
4613
4696
4614
4697
4615
4698
4616
4699
4617
4700
4618
4701
4619
4702
4703
5957
4621
4704
8365
4622
4705
4623
4706
4624
4707
4625
4708
4626
4709
4627
4710
4628
4711
4629
4712
4630
4713
4631
4714
4632
4715
4633
4716
4634
4717
4635
4718
4636
4719
4637
4720
4638
4721
4639
4722
4640
4723
4641
4724
4642
4725
4643
4726
4644
4727
4645
4728
4646
4729
4647
4730
4648
4731
4649
4732
4650
4733
4651
4734
4652
4735
4653
4736
4654
4737
4655
4738
4656
4739
4657
4740
4658
4741
4659
4742
4660
4743
4661
4744
4662
4745
4663
4746
4664
4747
4665
4748
4666
4749
4667
4750
4668
4751
4669
4752
4670
4753
4671
4754
4672
4755
4673
4756
4674
4757
4675
4758
4676
4759
4677
4760
4678
4761
4679
4762
4680
4763
4681
4764
4682
4765
4683
4766
4684
4767
4685
4768
4686
4769
4687
4770
4688
4771
4689
4772
4690
4773
4691
4774
4692
4775
4693
4776
4694
4777
4695
4778
4696
4779
4697
4780
4698
4781
4699
4782
4700
4783
4701
4784
4702
4785
4703
4786
4787
5947
4705
4788
8348
4706
4789
4707
4790
4708
4791
4709
4792
4710
4793
4711
4794
4712
4795
4713
4796
4714
4797
4715
4798
4716
4799
4717
4800
4718
4801
4719
4802
4720
4803
4721
4804
4722
4805
4723
4806
4724
4807
4725
4808
4726
4809
4727
4810
4728
4811
4729
4812
4730
4813
4731
4814
4732
4815
4733
4816
4734
4817
4735
4818
4736
4819
4737
4820
4738
4821
4739
4822
4740
4823
4741
4824
4742
4825
4743
4826
4744
4827
4745
4828
4746
4829
4747
4830
4748
4831
4749
4832
4750
4833
4751
4834
4752
4835
4753
4836
4754
4837
4755
4838
4756
4839
4757
4840
4758
4841
4759
4842
4760
4843
4761
4844
4762
4845
4763
4846
4764
4847
4765
4848
4766
4849
4767
4850
4768
4851
4769
4852
4770
4853
4771
4854
4772
4855
4773
4856
4774
4857
4775
4858
4776
4859
4777
4860
4778
4861
4779
4862
4780
4863
4781
4864
4782
4865
4783
4866
4784
4867
4785
4868
4786
4869
4787
4870
4871
5937
4789
4872
8331
4790
4873
4791
4874
4792
4875
4793
4876
4794
4877
4795
4878
4796
4879
4797
4880
4798
4881
4799
4882
4800
4883
4801
4884
4802
4885
4803
4886
4804
4887
4805
4888
4806
4889
4807
4890
4808
4891
4809
4892
4810
4893
4811
4894
4812
4895
4813
4896
4814
4897
4815
4898
4816
4899
4817
4900
4818
4901
4819
4902
4820
4903
4821
4904
4822
4905
4823
4906
4824
4907
4825
4908
4826
4909
4827
4910
4828
4911
4829
4912
4830
4913
4831
4914
4832
4915
4833
4916
4834
4917
4835
4918
4836
4919
4837
4920
4838
4921
4839
4922
4840
4923
4841
4924
4842
4925
4843
4926
4844
4927
4845
4928
4846
4929
4847
4930
4848
4931
4849
4932
4850
4933
4851
4934
4852
4935
4853
4936
4854
4937
4855
4938
4856
4939
4857
4940
4858
4941
4859
4942
4860
4943
4861
4944
4862
4945
4863
4946
4864
4947
4865
4948
4866
4949
4867
4950
4868
4951
4869
4952
4870
4953
4871
4954
4955
5927
4873
4956
8314
4874
4957
4875
4958
4876
4959
4877
4960
4878
4961
4879
4962
4880
4963
4881
4964
4882
4965
4883
4966
4884
4967
4885
4968
4886
4969
4887
4970
4888
4971
4889
4972
4890
4973
4891
4974
4892
4975
4893
4976
4894
4977
4895
4978
4896
4979
4897
4980
4898
4981
4899
4982
4900
4983
4901
4984
4902
4985
4903
4986
4904
4987
4905
4988
4906
4989
4907
4990
4908
4991
4909
4992
4910
4993
4911
4994
4912
4995
4913
4996
4914
4997
4915
4998
4916
4999
4917
5000
4918
5001
4919
5002
4920
5003
4921
5004
4922
5005
4923
5006
4924
5007
4925
5008
4926
5009
4927
5010
4928
5011
4929
5012
4930
5013
4931
5014
4932
5015
4933
5016
4934
5017
4935
5018
4936
5019
4937
5020
4938
5021
4939
5022
4940
5023
4941
5024
4942
5025
4943
5026
4944
5027
4945
5028
4946
5029
4947
5030
4948
5031
4949
5032
4950
5033
4951
5034
4952
5035
4953
5036
4954
5037
4955
5038
5039
5917
4957
5040
8297
4958
5041
4959
5042
4960
5043
4961
5044
4962
5045
4963
5046
4964
5047
4965
5048
4966
5049
4967
5050
4968
5051
4969
5052
4970
5053
4971
5054
4972
5055
4973
5056
4974
5057
4975
5058
4976
5059
4977
5060
4978
5061
4979
5062
4980
5063
4981
5064
4982
5065
4983
5066
4984
5067
4985
5068
4986
5069
4987
5070
4988
5071
4989
5072
4990
5073
4991
5074
4992
5075
4993
5076
4994
5077
4995
5078
4996
5079
4997
5080
4998
5081
4999
5082
5000
5083
5001
5084
5002
5085
5003
5086
5004
5087
5005
5088
5006
5089
5007
5090
5008
5091
5009
5092
5010
5093
5011
5094
5012
5095
5013
5096
5014
5097
5015
5098
5016
5099
5017
5100
5018
5101
5019
5102
5020
5103
5021
5104
5022
5105
5023
5106
5024
5107
5025
5108
5026
5109
5027
5110
5028
5111
5029
5112
5030
5113
5031
5114
5032
5115
5033
5116
5034
5117
5035
5118
5036
5119
5037
5120
5038
5121
5039
5122
5123
5907
5041
5124
8280
5042
5125
5043
5126
5044
5127
5045
5128
5046
5129
5047
5130
5048
5131
5049
5132
5050
5133
5051
5134
5052
5135
5053
5136
5054
5137
5055
5138
5056
5139
5057
5140
5058
5141
5059
5142
5060
5143
5061
5144
5062
5145
5063
5146
5064
5147
5065
5148
5066
5149
5067
5150
5068
5151
5069
5152
5070
5153
5071
5154
5072
5155
5073
5156
5074
5157
5075
5158
5076
5159
5077
5160
5078
5161
5079
5162
5080
5163
5081
5164
5082
5165
5083
5166
5084
5167
5085
5168
5086
5169
5087
5170
5088
5171
5089
5172
5090
5173
5091
5174
5092
5175
5093
5176
5094
5177
5095
5178
5096
5179
5097
5180
5098
5181
5099
5182
5100
5183
5101
5184
5102
5185
5103
5186
5104
5187
5105
5188
5106
5189
5107
5190
5108
5191
5109
5192
5110
5193
5111
5194
5112
5195
5113
5196
5114
5197
5115
5198
5116
5199
5117
5200
5118
5201
5119
5202
5120
5203
5121
5204
5122
5205
5123
5206
5207
5897
5125
5208
8263
5126
5209
5127
5210
5128
5211
5129
5212
5130
5213
5131
5214
5132
5215
5133
5216
5134
5217
5135
5218
5136
5219
5137
5220
5138
5221
5139
5222
5140
5223
5141
5224
5142
5225
5143
5226
5144
5227
5145
5228
5146
5229
5147
5230
5148
5231
5149
5232
5150
5233
5151
5234
5152
5235
5153
5236
5154
5237
5155
5238
5156
5239
5157
5240
5158
5241
5159
5242
5160
5243
5161
5244
5162
5245
5163
5246
5164
5247
5165
5248
5166
5249
5167
5250
5168
5251
5169
5252
5170
5253
5171
5254
5172
5255
5173
5256
5174
5257
5175
5258
5176
5259
5177
5260
5178
5261
5179
5262
5180
5263
5181
5264
5182
5265
5183
5266
5184
5267
5185
5268
5186
5269
5187
5270
5188
5271
5189
5272
5190
5273
5191
5274
5192
5275
5193
5276
5194
5277
5195
5278
5196
5279
5197
5280
5198
5281
5199
5282
5200
5283
5201
5284
5202
5285
5203
5286
5204
5287
5205
5288
5206
5289
5207
5290
5291
5887
5209
5292
8246
5210
5293
5211
5294
5212
5295
5213
5296
5214
5297
5215
5298
5216
5299
5217
5300
5218
5301
5219
5302
5220
5303
5221
5304
5222
5305
5223
5306
5224
5307
5225
5308
5226
5309
5227
5310
5228
5311
5229
5312
5230
5313
5231
5314
5232
5315
5233
5316
5234
5317
5235
5318
5236
5319
5237
5320
5238
5321
5239
5322
5240
5323
5241
5324
5242
5325
5243
5326
5244
5327
5245
5328
5246
5329
5247
5330
5248
5331
5249
5332
5250
5333
5251
5334
5252
5335
5253
5336
5254
5337
5255
5338
5256
5339
5257
5340
5258
5341
5259
5342
5260
5343
5261
5344
5262
5345
5263
5346
5264
5347
5265
5348
5266
5349
5267
5350
5268
5351
5269
5352
5270
5353
5271
5354
5272
5355
5273
5356
5274
5357
5275
5358
5276
5359
5277
5360
5278
5361
5279
5362
5280
5363
5281
5364
5282
5365
5283
5366
5284
5367
5285
5368
5286
5369
5287
5370
5288
5371
5289
5372
5290
5373
5291
5374
5375
5877
5293
5376
8229
5294
5377
5295
5378
5296
5379
5297
5380
5298
5381
5299
5382
5300
5383
5301
5384
5302
5385
5303
5386
5304
5387
5305
5388
5306
5389
5307
5390
5308
5391
5309
5392
5310
5393
5311
5394
5312
5395
5313
5396
5314
5397
5315
5398
5316
5399
5317
5400
5318
5401
5319
5402
5320
5403
5321
5404
5322
5405
5323
5406
5324
5407
5325
5408
5326
5409
5327
5410
5328
5411
5329
5412
5330
5413
5331
5414
5332
5415
5333
5416
5334
5417
5335
5418
5336
5419
5337
5420
5338
5421
5339
5422
5340
5423
5341
5424
5342
5425
5343
5426
5344
5427
5345
5428
5346
5429
5347
5430
5348
5431
5349
5432
5350
5433
5351
5434
5352
5435
5353
5436
5354
5437
5355
5438
5356
5439
5357
5440
5358
5441
5359
5442
5360
5443
5361
5444
5362
5445
5363
5446
5364
5447
5365
5448
5366
5449
5367
5450
5368
5451
5369
5452
5370
5453
5371
5454
5372
5455
5373
5456
5374
5457
5375
5458
5459
5867
5377
5460
8212
5378
5461
5379
5462
5380
5463
5381
5464
5382
5465
5383
5466
5384
5467
5385
5468
5386
5469
5387
5470
5388
5471
5389
5472
5390
5473
5391
5474
5392
5475
5393
5476
5394
5477
5395
5478
5396
5479
5397
5480
5398
5481
5399
5482
5400
5483
5401
5484
5402
5485
5403
5486
5404
5487
5405
5488
5406
5489
5407
5490
5408
5491
5409
5492
5410
5493
5411
5494
5412
5495
5413
5496
5414
5497
5415
5498
5416
5499
5417
5500
5418
5501
5419
5502
5420
5503
5421
5504
5422
5505
5423
5506
5424
5507
5425
5508
5426
5509
5427
5510
5428
5511
5429
5512
5430
5513
5431
5514
5432
5515
5433
5516
5434
5517
5435
5518
5436
5519
5437
5520
5438
5521
5439
5522
5440
5523
5441
5524
5442
5525
5443
5526
5444
5527
5445
5528
5446
5529
5447
5530
5448
5531
5449
5532
5450
5533
5451
5534
5452
5535
5453
5536
5454
5537
5455
5538
5456
5539
5457
5540
5458
5541
5459
5542
5543
5857
5461
5544
8195
5462
5545
5463
5546
5464
5547
5465
5548
5466
5549
5467
5550
5468
5551
5469
5552
5470
5553
5471
5554
5472
5555
5473
5556
5474
5557
5475
5558
5476
5559
5477
5560
5478
5561
5479
5562
5480
5563
5481
5564
5482
5565
5483
5566
5484
5567
5485
5568
5486
5569
5487
5570
5488
5571
5489
5572
5490
5573
5491
5574
5492
5575
5493
5576
5494
5577
5495
5578
5496
5579
5497
5580
5498
5581
5499
5582
5500
5583
5501
5584
5502
5585
5503
5586
5504
5587
5505
5588
5506
5589
5507
5590
5508
5591
5509
5592
5510
5593
5511
5594
5512
5595
5513
5596
5514
5597
5515
5598
5516
5599
5517
5600
5518
5601
5519
5602
5520
5603
5521
5604
5522
5605
5523
5606
5524
5607
5525
5608
5526
5609
5527
5610
5528
5611
5529
5612
5530
5613
5531
5614
5532
5615
5533
5616
5534
5617
5535
5618
5536
5619
5537
5620
5538
5621
5539
5622
5540
5623
5541
5624
5542
5625
5543
5626
5627
5847
5545
8178
5546
5547
5548
5549
5550
5551
5552
5553
5554
5555
5556
5557
5558
5559
5560
5561
5562
5563
5564
5565
5566
5567
5568
5569
5570
5571
5572
5573
5574
5575
5576
5577
5578
5579
5580
5581
5582
5583
5584
5585
5586
5587
5588
5589
5590
5591
5592
5593
5594
5595
5596
5597
5598
5599
5600
5601
5602
5603
5604
5605
5606
5607
5608
5609
5610
5611
5612
5613
5614
5615
5616
5617
5618
5619
5620
5621
5622
5623
5624
5625
5626
5627
5837
5629
5638
8177
5630
5639
5631
5640
5632
5641
5633
5642
5634
5643
5635
5644
5636
5645
5637
5646
5647
5639
5648
8176
5640
5649
5641
5650
5642
5651
5643
5652
5644
5653
5645
5654
5646
5655
5647
5656
5657
5649
5658
8175
5650
5659
5651
5660
5652
5661
5653
5662
5654
5663
5655
5664
5656
5665
5657
5666
5667
5659
5668
8174
5660
5669
5661
5670
5662
5671
5663
5672
5664
5673
5665
5674
5666
5675
5667
5676
5677
5669
5678
8173
5670
5679
5671
5680
5672
5681
5673
5682
5674
5683
5675
5684
5676
5685
5677
5686
5687
5679
5688
8172
5680
5689
5681
5690
5682
5691
5683
5692
5684
5693
5685
5694
5686
5695
5687
5696
5697
5689
5698
8171
5690
5699
5691
5700
5692
5701
5693
5702
5694
5703
5695
5704
5696
5705
5697
5706
5707
5699
5708
8170
5700
5709
5701
5710
5702
5711
5703
5712
5704
5713
5705
5714
5706
5715
5707
5716
5717
5709
5718
8169
5710
5719
5711
5720
5712
5721
5713
5722
5714
5723
5715
5724
5716
5725
5717
5726
5727
5719
5728
8168
5720
5729
5721
5730
5722
5731
5723
5732
5724
5733
5725
5734
5726
5735
5727
5736
5737
5729
5738
8167
5730
5739
5731
5740
5732
5741
5733
5742
5734
5743
5735
5744
5736
5745
5737
5746
5747
5739
5748
8166
5740
5749
5741
5750
5742
5751
5743
5752
5744
5753
5745
5754
5746
5755
5747
5756
5757
5749
5758
8165
5750
5759
5751
5760
5752
5761
5753
5762
5754
5763
5755
5764
5756
5765
5757
5766
5767
5759
5768
8164
5760
5769
5761
5770
5762
5771
5763
5772
5764
5773
5765
5774
5766
5775
5767
5776
5777
5769
5778
8163
5770
5779
5771
5780
5772
5781
5773
5782
5774
5783
5775
5784
5776
5785
5777
5786
5787
5779
5788
8162
5780
5789
5781
5790
5782
5791
5783
5792
5784
5793
5785
5794
5786
5795
5787
5796
5797
5789
5798
8161
5790
5799
5791
5800
5792
5801
5793
5802
5794
5803
5795
5804
5796
5805
5797
5806
5807
5799
5808
8160
5800
5809
5801
5810
5802
5811
5803
5812
5804
5813
5805
5814
5806
5815
5807
5816
5817
5809
5818
8159
5810
5819
5811
5820
5812
5821
5813
5822
5814
5823
5815
5824
5816
5825
5817
5826
5827
5819
6497
8158
5820
6496
5821
6495
5822
6494
5823
6493
5824
6492
5825
6491
5826
6490
5827
6489
6488
5829
5838
9607
5830
5839
9608
5831
5840
9609
5832
5841
9610
5833
5842
9611
5834
5843
9612
5835
5844
9613
5836
5845
9614
5837
5846
9615
5847
9616
5839
5848
5840
5849
5841
5850
5842
5851
5843
5852
5844
5853
5845
5854
5846
5855
5847
5856
5857
5849
5858
5850
5859
5851
5860
5852
5861
5853
5862
5854
5863
5855
5864
5856
5865
5857
5866
5867
5859
5868
5860
5869
5861
5870
5862
5871
5863
5872
5864
5873
5865
5874
5866
5875
5867
5876
5877
5869
5878
5870
5879
5871
5880
5872
5881
5873
5882
5874
5883
5875
5884
5876
5885
5877
5886
5887
5879
5888
5880
5889
5881
5890
5882
5891
5883
5892
5884
5893
5885
5894
5886
5895
5887
5896
5897
5889
5898
5890
5899
5891
5900
5892
5901
5893
5902
5894
5903
5895
5904
5896
5905
5897
5906
5907
5899
5908
5900
5909
5901
5910
5902
5911
5903
5912
5904
5913
5905
5914
5906
5915
5907
5916
5917
5909
5918
5910
5919
5911
5920
5912
5921
5913
5922
5914
5923
5915
5924
5916
5925
5917
5926
5927
5919
5928
5920
5929
5921
5930
5922
5931
5923
5932
5924
5933
5925
5934
5926
5935
5927
5936
5937
5929
5938
5930
5939
5931
5940
5932
5941
5933
5942
5934
5943
5935
5944
5936
5945
5937
5946
5947
5939
5948
5940
5949
5941
5950
5942
5951
5943
5952
5944
5953
5945
5954
5946
5955
5947
5956
5957
5949
5958
5950
5959
5951
5960
5952
5961
5953
5962
5954
5963
5955
5964
5956
5965
5957
5966
5967
5959
5968
5960
5969
5961
5970
5962
5971
5963
5972
5964
5973
5965
5974
5966
5975
5967
5976
5977
5969
5978
5970
5979
5971
5980
5972
5981
5973
5982
5974
5983
5975
5984
5976
5985
5977
5986
5987
5979
5988
5980
5989
5981
5990
5982
5991
5983
5992
5984
5993
5985
5994
5986
5995
5987
5996
5997
5989
5998
5990
5999
5991
6000
5992
6001
5993
6002
5994
6003
5995
6004
5996
6005
5997
6006
6007
5999
6008
6000
6009
6001
6010
6002
6011
6003
6012
6004
6013
6005
6014
6006
6015
6007
6016
6017
6009
6018
6010
6019
6011
6020
6012
6021
6013
6022
6014
6023
6015
6024
6016
6025
6017
6026
6027
6019
6028
6020
6029
6021
6030
6022
6031
6023
6032
6024
6033
6025
6034
6026
6035
6027
6036
6037
6029
6038
6030
6039
6031
6040
6032
6041
6033
6042
6034
6043
6035
6044
6036
6045
6037
6046
6047
6039
6048
6040
6049
6041
6050
6042
6051
6043
6052
6044
6053
6045
6054
6046
6055
6047
6056
6057
6049
6058
6050
6059
6051
6060
6052
6061
6053
6062
6054
6063
6055
6064
6056
6065
6057
6066
6067
6059
6068
6060
6069
6061
6070
6062
6071
6063
6072
6064
6073
6065
6074
6066
6075
6067
6076
6077
6069
6078
6070
6079
6071
6080
6072
6081
6073
6082
6074
6083
6075
6084
6076
6085
6077
6086
6087
6079
6088
6080
6089
6081
6090
6082
6091
6083
6092
6084
6093
6085
6094
6086
6095
6087
6096
6097
6089
6098
6090
6099
6091
6100
6092
6101
6093
6102
6094
6103
6095
6104
6096
6105
6097
6106
6107
6099
6108
6100
6109
6101
6110
6102
6111
6103
6112
6104
6113
6105
6114
6106
6115
6107
6116
6117
6109
6118
6110
6119
6111
6120
6112
6121
6113
6122
6114
6123
6115
6124
6116
6125
6117
6126
6127
6119
6128
6120
6129
6121
6130
6122
6131
6123
6132
6124
6133
6125
6134
6126
6135
6127
6136
6137
6129
6138
6130
6139
6131
6140
6132
6141
6133
6142
6134
6143
6135
6144
6136
6145
6137
6146
6147
6139
6148
6140
6149
6141
6150
6142
6151
6143
6152
6144
6153
6145
6154
6146
6155
6147
6156
6157
6149
6158
6150
6159
6151
6160
6152
6161
6153
6162
6154
6163
6155
6164
6156
6165
6157
6166
6167
6159
6168
6160
6169
6161
6170
6162
6171
6163
6172
6164
6173
6165
6174
6166
6175
6167
6176
6177
6169
6178
6170
6179
6171
6180
6172
6181
6173
6182
6174
6183
6175
6184
6176
6185
6177
6186
6187
6179
6188
6180
6189
6181
6190
6182
6191
6183
6192
6184
6193
6185
6194
6186
6195
6187
6196
6197
6189
6198
6190
6199
6191
6200
6192
6201
6193
6202
6194
6203
6195
6204
6196
6205
6197
6206
6207
6199
6208
6200
6209
6201
6210
6202
6211
6203
6212
6204
6213
6205
6214
6206
6215
6207
6216
6217
6209
6218
6210
6219
6211
6220
6212
6221
6213
6222
6214
6223
6215
6224
6216
6225
6217
6226
6227
6219
6228
6220
6229
6221
6230
6222
6231
6223
6232
6224
6233
6225
6234
6226
6235
6227
6236
6237
6229
6238
6230
6239
6231
6240
6232
6241
6233
6242
6234
6243
6235
6244
6236
6245
6237
6246
6247
6239
6248
6240
6249
6241
6250
6242
6251
6243
6252
6244
6253
6245
6254
6246
6255
6247
6256
6257
6249
6258
6250
6259
6251
6260
6252
6261
6253
6262
6254
6263
6255
6264
6256
6265
6257
6266
6267
6259
6268
6260
6269
6261
6270
6262
6271
6263
6272
6264
6273
6265
6274
6266
6275
6267
6276
6277
6269
6278
6270
6279
6271
6280
6272
6281
6273
6282
6274
6283
6275
6284
6276
6285
6277
6286
6287
6279
6288
6280
6289
6281
6290
6282
6291
6283
6292
6284
6293
6285
6294
6286
6295
6287
6296
6297
6289
6298
6290
6299
6291
6300
6292
6301
6293
6302
6294
6303
6295
6304
6296
6305
6297
6306
6307
6299
6308
6300
6309
6301
6310
6302
6311
6303
6312
6304
6313
6305
6314
6306
6315
6307
6316
6317
6309
6318
6310
6319
6311
6320
6312
6321
6313
6322
6314
6323
6315
6324
6316
6325
6317
6326
6327
6319
6328
6320
6329
6321
6330
6322
6331
6323
6332
6324
6333
6325
6334
6326
6335
6327
6336
6337
6329
6338
6330
6339
6331
6340
6332
6341
6333
6342
6334
6343
6335
6344
6336
6345
6337
6346
6347
6339
6348
6340
6349
6341
6350
6342
6351
6343
6352
6344
6353
6345
6354
6346
6355
6347
6356
6357
6349
6358
6350
6359
6351
6360
6352
6361
6353
6362
6354
6363
6355
6364
6356
6365
6357
6366
6367
6359
6368
6360
6369
6361
6370
6362
6371
6363
6372
6364
6373
6365
6374
6366
6375
6367
6376
6377
6369
6378
6370
6379
6371
6380
6372
6381
6373
6382
6374
6383
6375
6384
6376
6385
6377
6386
6387
6379
6388
6380
6389
6381
6390
6382
6391
6383
6392
6384
6393
6385
6394
6386
6395
6387
6396
6397
6389
6398
6390
6399
6391
6400
6392
6401
6393
6402
6394
6403
6395
6404
6396
6405
6397
6406
6407
6399
6408
6400
6409
6401
6410
6402
6411
6403
6412
6404
6413
6405
6414
6406
6415
6407
6416
6417
6409
6418
6410
6419
6411
6420
6412
6421
6413
6422
6414
6423
6415
6424
6416
6425
6417
6426
6427
6419
6428
6420
6429
6421
6430
6422
6431
6423
6432
6424
6433
6425
6434
6426
6435
6427
6436
6437
6429
6438
6430
6439
6431
6440
6432
6441
6433
6442
6434
6443
6435
6444
6436
6445
6437
6446
6447
6439
6448
6440
6449
6441
6450
6442
6451
6443
6452
6444
6453
6445
6454
6446
6455
6447
6456
6457
6449
6458
6450
6459
6451
6460
6452
6461
6453
6462
6454
6463
6455
6464
6456
6465
6457
6466
6467
6459
6468
6460
6469
6461
6470
6462
6471
6463
6472
6464
6473
6465
6474
6466
6475
6467
6476
6477
6469
6478
6470
6479
6471
6480
6472
6481
6473
6482
6474
6483
6475
6484
6476
6485
6477
6486
6487
6479
6488
6480
6489
6481
6490
6482
6491
6483
6492
6484
6493
6485
6494
6486
6495
6487
6496
6497
6489
6490
6491
6492
6493
6494
6495
6496
6497
6499
6518
6500
6519
6501
6520
6502
6521
6503
6522
6504
6523
6505
6524
6506
6525
6507
6526
6508
6527
6509
6528
6510
6529
6511
6530
6512
6531
6513
6532
6514
6533
6515
6534
6516
6535
6517
6536
6537
6519
6538
6520
6539
6521
6540
6522
6541
6523
6542
6524
6543
6525
6544
6526
6545
6527
6546
6528
6547
6529
6548
6530
6549
6531
6550
6532
6551
6533
6552
6534
6553
6535
6554
6536
6555
6537
6556
6557
6539
6558
6540
6559
6541
6560
6542
6561
6543
6562
6544
6563
6545
6564
6546
6565
6547
6566
6548
6567
6549
6568
6550
6569
6551
6570
6552
6571
6553
6572
6554
6573
6555
6574
6556
6575
6557
6576
6577
6559
6578
6560
6579
6561
6580
6562
6581
6563
6582
6564
6583
6565
6584
6566
6585
6567
6586
6568
6587
6569
6588
6570
6589
6571
6590
6572
6591
6573
6592
6574
6593
6575
6594
6576
6595
6577
6596
6597
6579
6598
6580
6599
6581
6600
6582
6601
6583
6602
6584
6603
6585
6604
6586
6605
6587
6606
6588
6607
6589
6608
6590
6609
6591
6610
6592
6611
6593
6612
6594
6613
6595
6614
6596
6615
6597
6616
6617
6599
6618
6600
6619
6601
6620
6602
6621
6603
6622
6604
6623
6605
6624
6606
6625
6607
6626
6608
6627
6609
6628
6610
6629
6611
6630
6612
6631
6613
6632
6614
6633
6615
6634
6616
6635
6617
6636
6637
6619
6638
6620
6639
6621
6640
6622
6641
6623
6642
6624
6643
6625
6644
6626
6645
6627
6646
6628
6647
6629
6648
6630
6649
6631
6650
6632
6651
6633
6652
6634
6653
6635
6654
6636
6655
6637
6656
6657
6639
6658
6640
6659
6641
6660
6642
6661
6643
6662
6644
6663
6645
6664
6646
6665
6647
6666
6648
6667
6649
6668
6650
6669
6651
6670
6652
6671
6653
6672
6654
6673
6655
6674
6656
6675
6657
6676
6677
6659
6678
6660
6679
6661
6680
6662
6681
6663
6682
6664
6683
6665
6684
6666
6685
6667
6686
6668
6687
6669
6688
6670
6689
6671
6690
6672
6691
6673
6692
6674
6693
6675
6694
6676
6695
6677
6696
6697
6679
6698
6680
6699
6681
6700
6682
6701
6683
6702
6684
6703
6685
6704
6686
6705
6687
6706
6688
6707
6689
6708
6690
6709
6691
6710
6692
6711
6693
6712
6694
6713
6695
6714
6696
6715
6697
6716
6717
6699
6718
6700
6719
6701
6720
6702
6721
6703
6722
6704
6723
6705
6724
6706
6725
6707
6726
6708
6727
6709
6728
6710
6729
6711
6730
6712
6731
6713
6732
6714
6733
6715
6734
6716
6735
6717
6736
6737
6719
6738
6720
6739
6721
6740
6722
6741
6723
6742
6724
6743
6725
6744
6726
6745
6727
6746
6728
6747
6729
6748
6730
6749
6731
6750
6732
6751
6733
6752
6734
6753
6735
6754
6736
6755
6737
6756
6757
6739
6758
6740
6759
6741
6760
6742
6761
6743
6762
6744
6763
6745
6764
6746
6765
6747
6766
6748
6767
6749
6768
6750
6769
6751
6770
6752
6771
6753
6772
6754
6773
6755
6774
6756
6775
6757
6776
6777
6759
6778
6760
6779
6761
6780
6762
6781
6763
6782
6764
6783
6765
6784
6766
6785
6767
6786
6768
6787
6769
6788
6770
6789
6771
6790
6772
6791
6773
6792
6774
6793
6775
6794
6776
6795
6777
6796
6797
6779
6798
6780
6799
6781
6800
6782
6801
6783
6802
6784
6803
6785
6804
6786
6805
6787
6806
6788
6807
6789
6808
6790
6809
6791
6810
6792
6811
6793
6812
6794
6813
6795
6814
6796
6815
6797
6816
6817
6799
6818
6800
6819
6801
6820
6802
6821
6803
6822
6804
6823
6805
6824
6806
6825
6807
6826
6808
6827
6809
6828
6810
6829
6811
6830
6812
6831
6813
6832
6814
6833
6815
6834
6816
6835
6817
6836
6837
6819
6838
6820
6839
6821
6840
6822
6841
6823
6842
6824
6843
6825
6844
6826
6845
6827
6846
6828
6847
6829
6848
6830
6849
6831
6850
6832
6851
6833
6852
6834
6853
6835
6854
6836
6855
6837
6856
6857
6839
6858
6840
6859
6841
6860
6842
6861
6843
6862
6844
6863
6845
6864
6846
6865
6847
6866
6848
6867
6849
6868
6850
6869
6851
6870
6852
6871
6853
6872
6854
6873
6855
6874
6856
6875
6857
6876
6877
6859
6878
6860
6879
6861
6880
6862
6881
6863
6882
6864
6883
6865
6884
6866
6885
6867
6886
6868
6887
6869
6888
6870
6889
6871
6890
6872
6891
6873
6892
6874
6893
6875
6894
6876
6895
6877
6896
6897
6879
6898
6880
6899
6881
6900
6882
6901
6883
6902
6884
6903
6885
6904
6886
6905
6887
6906
6888
6907
6889
6908
6890
6909
6891
6910
6892
6911
6893
6912
6894
6913
6895
6914
6896
6915
6897
6916
6917
6899
6918
6900
6919
6901
6920
6902
6921
6903
6922
6904
6923
6905
6924
6906
6925
6907
6926
6908
6927
6909
6928
6910
6929
6911
6930
6912
6931
6913
6932
6914
6933
6915
6934
6916
6935
6917
6936
6937
6919
6938
6920
6939
6921
6940
6922
6941
6923
6942
6924
6943
6925
6944
6926
6945
6927
6946
6928
6947
6929
6948
6930
6949
6931
6950
6932
6951
6933
6952
6934
6953
6935
6954
6936
6955
6937
6956
6957
6939
6958
6940
6959
6941
6960
6942
6961
6943
6962
6944
6963
6945
6964
6946
6965
6947
6966
6948
6967
6949
6968
6950
6969
6951
6970
6952
6971
6953
6972
6954
6973
6955
6974
6956
6975
6957
6976
6977
6959
6978
6960
6979
6961
6980
6962
6981
6963
6982
6964
6983
6965
6984
6966
6985
6967
6986
6968
6987
6969
6988
6970
6989
6971
6990
6972
6991
6973
6992
6974
6993
6975
6994
6976
6995
6977
6996
6997
6979
6998
6980
6999
6981
7000
6982
7001
6983
7002
6984
7003
6985
7004
6986
7005
6987
7006
6988
7007
6989
7008
6990
7009
6991
7010
6992
7011
6993
7012
6994
7013
6995
7014
6996
7015
6997
7016
7017
6999
7018
7000
7019
7001
7020
7002
7021
7003
7022
7004
7023
7005
7024
7006
7025
7007
7026
7008
7027
7009
7028
7010
7029
7011
7030
7012
7031
7013
7032
7014
7033
7015
7034
7016
7035
7017
7036
7037
7019
7038
7020
7039
7021
7040
7022
7041
7023
7042
7024
7043
7025
7044
7026
7045
7027
7046
7028
7047
7029
7048
7030
7049
7031
7050
7032
7051
7033
7052
7034
7053
7035
7054
7036
7055
7037
7056
7057
7039
7058
7040
7059
7041
7060
7042
7061
7043
7062
7044
7063
7045
7064
7046
7065
7047
7066
7048
7067
7049
7068
7050
7069
7051
7070
7052
7071
7053
7072
7054
7073
7055
7074
7056
7075
7057
7076
7077
7059
7078
7060
7079
7061
7080
7062
7081
7063
7082
7064
7083
7065
7084
7066
7085
7067
7086
7068
7087
7069
7088
7070
7089
7071
7090
7072
7091
7073
7092
7074
7093
7075
7094
7076
7095
7077
7096
7097
7079
7098
7080
7099
7081
7100
7082
7101
7083
7102
7084
7103
7085
7104
7086
7105
7087
7106
7088
7107
7089
7108
7090
7109
7091
7110
7092
7111
7093
7112
7094
7113
7095
7114
7096
7115
7097
7116
7117
7099
7118
7100
7119
7101
7120
7102
7121
7103
7122
7104
7123
7105
7124
7106
7125
7107
7126
7108
7127
7109
7128
7110
7129
7111
7130
7112
7131
7113
7132
7114
7133
7115
7134
7116
7135
7117
7136
7137
7119
7138
7120
7139
7121
7140
7122
7141
7123
7142
7124
7143
7125
7144
7126
7145
7127
7146
7128
7147
7129
7148
7130
7149
7131
7150
7132
7151
7133
7152
7134
7153
7135
7154
7136
7155
7137
7156
7157
7139
7158
7140
7159
7141
7160
7142
7161
7143
7162
7144
7163
7145
7164
7146
7165
7147
7166
7148
7167
7149
7168
7150
7169
7151
7170
7152
7171
7153
7172
7154
7173
7155
7174
7156
7175
7157
7176
7177
7159
7178
7160
7179
7161
7180
7162
7181
7163
7182
7164
7183
7165
7184
7166
7185
7167
7186
7168
7187
7169
7188
7170
7189
7171
7190
7172
7191
7173
7192
7174
7193
7175
7194
7176
7195
7177
7196
7197
7179
7198
7180
7199
7181
7200
7182
7201
7183
7202
7184
7203
7185
7204
7186
7205
7187
7206
7188
7207
7189
7208
7190
7209
7191
7210
7192
7211
7193
7212
7194
7213
7195
7214
7196
7215
7197
7216
7217
7199
7218
7200
7219
7201
7220
7202
7221
7203
7222
7204
7223
7205
7224
7206
7225
7207
7226
7208
7227
7209
7228
7210
7229
7211
7230
7212
7231
7213
7232
7214
7233
7215
7234
7216
7235
7217
7236
7237
7219
7238
7220
7239
7221
7240
7222
7241
7223
7242
7224
7243
7225
7244
7226
7245
7227
7246
7228
7247
7229
7248
7230
7249
7231
7250
7232
7251
7233
7252
7234
7253
7235
7254
7236
7255
7237
7256
7257
7239
7258
7240
7259
7241
7260
7242
7261
7243
7262
7244
7263
7245
7264
7246
7265
7247
7266
7248
7267
7249
7268
7250
7269
7251
7270
7252
7271
7253
7272
7254
7273
7255
7274
7256
7275
7257
7276
7277
7259
7278
7260
7279
7261
7280
7262
7281
7263
7282
7264
7283
7265
7284
7266
7285
7267
7286
7268
7287
7269
7288
7270
7289
7271
7290
7272
7291
7273
7292
7274
7293
7275
7294
7276
7295
7277
7296
7297
7279
7298
7280
7299
7281
7300
7282
7301
7283
7302
7284
7303
7285
7304
7286
7305
7287
7306
7288
7307
7289
7308
7290
7309
7291
7310
7292
7311
7293
7312
7294
7313
7295
7314
7296
7315
7297
7316
7317
7299
7318
7300
7319
7301
7320
7302
7321
7303
7322
7304
7323
7305
7324
7306
7325
7307
7326
7308
7327
7309
7328
7310
7329
7311
7330
7312
7331
7313
7332
7314
7333
7315
7334
7316
7335
7317
7336
7337
7319
7338
7320
7339
7321
7340
7322
7341
7323
7342
7324
7343
7325
7344
7326
7345
7327
7346
7328
7347
7329
7348
7330
7349
7331
7350
7332
7351
7333
7352
7334
7353
7335
7354
7336
7355
7337
7356
7357
7339
7358
7340
7359
7341
7360
7342
7361
7343
7362
7344
7363
7345
7364
7346
7365
7347
7366
7348
7367
7349
7368
7350
7369
7351
7370
7352
7371
7353
7372
7354
7373
7355
7374
7356
7375
7357
7376
7377
7359
7378
7360
7379
7361
7380
7362
7381
7363
7382
7364
7383
7365
7384
7366
7385
7367
7386
7368
7387
7369
7388
7370
7389
7371
7390
7372
7391
7373
7392
7374
7393
7375
7394
7376
7395
7377
7396
7397
7379
7398
7380
7399
7381
7400
7382
7401
7383
7402
7384
7403
7385
7404
7386
7405
7387
7406
7388
7407
7389
7408
7390
7409
7391
7410
7392
7411
7393
7412
7394
7413
7395
7414
7396
7415
7397
7416
7417
7399
7418
7400
7419
7401
7420
7402
7421
7403
7422
7404
7423
7405
7424
7406
7425
7407
7426
7408
7427
7409
7428
7410
7429
7411
7430
7412
7431
7413
7432
7414
7433
7415
7434
7416
7435
7417
7436
7437
7419
7438
7420
7439
7421
7440
7422
7441
7423
7442
7424
7443
7425
7444
7426
7445
7427
7446
7428
7447
7429
7448
7430
7449
7431
7450
7432
7451
7433
7452
7434
7453
7435
7454
7436
7455
7437
7456
7457
7439
7458
7440
7459
7441
7460
7442
7461
7443
7462
7444
7463
7445
7464
7446
7465
7447
7466
7448
7467
7449
7468
7450
7469
7451
7470
7452
7471
7453
7472
7454
7473
7455
7474
7456
7475
7457
7476
7477
7459
7478
7460
7479
7461
7480
7462
7481
7463
7482
7464
7483
7465
7484
7466
7485
7467
7486
7468
7487
7469
7488
7470
7489
7471
7490
7472
7491
7473
7492
7474
7493
7475
7494
7476
7495
7477
7496
7497
7479
7498
7480
7499
7481
7500
7482
7501
7483
7502
7484
7503
7485
7504
7486
7505
7487
7506
7488
7507
7489
7508
7490
7509
7491
7510
7492
7511
7493
7512
7494
7513
7495
7514
7496
7515
7497
7516
7517
7499
7518
7500
7519
7501
7520
7502
7521
7503
7522
7504
7523
7505
7524
7506
7525
7507
7526
7508
7527
7509
7528
7510
7529
7511
7530
7512
7531
7513
7532
7514
7533
7515
7534
7516
7535
7517
7536
7537
7519
7538
7520
7539
7521
7540
7522
7541
7523
7542
7524
7543
7525
7544
7526
7545
7527
7546
7528
7547
7529
7548
7530
7549
7531
7550
7532
7551
7533
7552
7534
7553
7535
7554
7536
7555
7537
7556
7557
7539
7558
7540
7559
7541
7560
7542
7561
7543
7562
7544
7563
7545
7564
7546
7565
7547
7566
7548
7567
7549
7568
7550
7569
7551
7570
7552
7571
7553
7572
7554
7573
7555
7574
7556
7575
7557
7576
7577
7559
7578
7560
7579
7561
7580
7562
7581
7563
7582
7564
7583
7565
7584
7566
7585
7567
7586
7568
7587
7569
7588
7570
7589
7571
7590
7572
7591
7573
7592
7574
7593
7575
7594
7576
7595
7577
7596
7597
7579
7598
7580
7599
7581
7600
7582
7601
7583
7602
7584
7603
7585
7604
7586
7605
7587
7606
7588
7607
7589
7608
7590
7609
7591
7610
7592
7611
7593
7612
7594
7613
7595
7614
7596
7615
7597
7616
7617
7599
7618
7600
7619
7601
7620
7602
7621
7603
7622
7604
7623
7605
7624
7606
7625
7607
7626
7608
7627
7609
7628
7610
7629
7611
7630
7612
7631
7613
7632
7614
7633
7615
7634
7616
7635
7617
7636
7637
7619
7638
7620
7639
7621
7640
7622
7641
7623
7642
7624
7643
7625
7644
7626
7645
7627
7646
7628
7647
7629
7648
7630
7649
7631
7650
7632
7651
7633
7652
7634
7653
7635
7654
7636
7655
7637
7656
7657
7639
7658
7640
7659
7641
7660
7642
7661
7643
7662
7644
7663
7645
7664
7646
7665
7647
7666
7648
7667
7649
7668
7650
7669
7651
7670
7652
7671
7653
7672
7654
7673
7655
7674
7656
7675
7657
7676
7677
7659
7678
7660
7679
7661
7680
7662
7681
7663
7682
7664
7683
7665
7684
7666
7685
7667
7686
7668
7687
7669
7688
7670
7689
7671
7690
7672
7691
7673
7692
7674
7693
7675
7694
7676
7695
7677
7696
7697
7679
7698
7680
7699
7681
7700
7682
7701
7683
7702
7684
7703
7685
7704
7686
7705
7687
7706
7688
7707
7689
7708
7690
7709
7691
7710
7692
7711
7693
7712
7694
7713
7695
7714
7696
7715
7697
7716
7717
7699
7718
7700
7719
7701
7720
7702
7721
7703
7722
7704
7723
7705
7724
7706
7725
7707
7726
7708
7727
7709
7728
7710
7729
7711
7730
7712
7731
7713
7732
7714
7733
7715
7734
7716
7735
7717
7736
7737
7719
7738
7720
7739
7721
7740
7722
7741
7723
7742
7724
7743
7725
7744
7726
7745
7727
7746
7728
7747
7729
7748
7730
7749
7731
7750
7732
7751
7733
7752
7734
7753
7735
7754
7736
7755
7737
7756
7757
7739
7758
7740
7759
7741
7760
7742
7761
7743
7762
7744
7763
7745
7764
7746
7765
7747
7766
7748
7767
7749
7768
7750
7769
7751
7770
7752
7771
7753
7772
7754
7773
7755
7774
7756
7775
7757
7776
7777
7759
7778
7760
7779
7761
7780
7762
7781
7763
7782
7764
7783
7765
7784
7766
7785
7767
7786
7768
7787
7769
7788
7770
7789
7771
7790
7772
7791
7773
7792
7774
7793
7775
7794
7776
7795
7777
7796
7797
7779
7798
7780
7799
7781
7800
7782
7801
7783
7802
7784
7803
7785
7804
7786
7805
7787
7806
7788
7807
7789
7808
7790
7809
7791
7810
7792
7811
7793
7812
7794
7813
7795
7814
7796
7815
7797
7816
7817
7799
7818
7800
7819
7801
7820
7802
7821
7803
7822
7804
7823
7805
7824
7806
7825
7807
7826
7808
7827
7809
7828
7810
7829
7811
7830
7812
7831
7813
7832
7814
7833
7815
7834
7816
7835
7817
7836
7837
7819
7838
7820
7839
7821
7840
7822
7841
7823
7842
7824
7843
7825
7844
7826
7845
7827
7846
7828
7847
7829
7848
7830
7849
7831
7850
7832
7851
7833
7852
7834
7853
7835
7854
7836
7855
7837
7856
7857
7839
7858
7840
7859
7841
7860
7842
7861
7843
7862
7844
7863
7845
7864
7846
7865
7847
7866
7848
7867
7849
7868
7850
7869
7851
7870
7852
7871
7853
7872
7854
7873
7855
7874
7856
7875
7857
7876
7877
7859
7878
7860
7879
7861
7880
7862
7881
7863
7882
7864
7883
7865
7884
7866
7885
7867
7886
7868
7887
7869
7888
7870
7889
7871
7890
7872
7891
7873
7892
7874
7893
7875
7894
7876
7895
7877
7896
7897
7879
7898
7880
7899
7881
7900
7882
7901
7883
7902
7884
7903
7885
7904
7886
7905
7887
7906
7888
7907
7889
7908
7890
7909
7891
7910
7892
7911
7893
7912
7894
7913
7895
7914
7896
7915
7897
7916
7917
7899
7918
7900
7919
7901
7920
7902
7921
7903
7922
7904
7923
7905
7924
7906
7925
7907
7926
7908
7927
7909
7928
7910
7929
7911
7930
7912
7931
7913
7932
7914
7933
7915
7934
7916
7935
7917
7936
7937
7919
7938
7920
7939
7921
7940
7922
7941
7923
7942
7924
7943
7925
7944
7926
7945
7927
7946
7928
7947
7929
7948
7930
7949
7931
7950
7932
7951
7933
7952
7934
7953
7935
7954
7936
7955
7937
7956
7957
7939
7958
7940
7959
7941
7960
7942
7961
7943
7962
7944
7963
7945
7964
7946
7965
7947
7966
7948
7967
7949
7968
7950
7969
7951
7970
7952
7971
7953
7972
7954
7973
7955
7974
7956
7975
7957
7976
7977
7959
7978
7960
7979
7961
7980
7962
7981
7963
7982
7964
7983
7965
7984
7966
7985
7967
7986
7968
7987
7969
7988
7970
7989
7971
7990
7972
7991
7973
7992
7974
7993
7975
7994
7976
7995
7977
7996
7997
7979
7998
7980
7999
7981
8000
7982
8001
7983
8002
7984
8003
7985
8004
7986
8005
7987
8006
7988
8007
7989
8008
7990
8009
7991
8010
7992
8011
7993
8012
7994
8013
7995
8014
7996
8015
7997
8016
8017
7999
8018
8000
8019
8001
8020
8002
8021
8003
8022
8004
8023
8005
8024
8006
8025
8007
8026
8008
8027
8009
8028
8010
8029
8011
8030
8012
8031
8013
8032
8014
8033
8015
8034
8016
8035
8017
8036
8037
8019
8038
8020
8039
8021
8040
8022
8041
8023
8042
8024
8043
8025
8044
8026
8045
8027
8046
8028
8047
8029
8048
8030
8049
8031
8050
8032
8051
8033
8052
8034
8053
8035
8054
8036
8055
8037
8056
8057
8039
8058
8040
8059
8041
8060
8042
8061
8043
8062
8044
8063
8045
8064
8046
8065
8047
8066
8048
8067
8049
8068
8050
8069
8051
8070
8052
8071
8053
8072
8054
8073
8055
8074
8056
8075
8057
8076
8077
8059
8078
8060
8079
8061
8080
8062
8081
8063
8082
8064
8083
8065
8084
8066
8085
8067
8086
8068
8087
8069
8088
8070
8089
8071
8090
8072
8091
8073
8092
8074
8093
8075
8094
8076
8095
8077
8096
8097
8079
8098
8080
8099
8081
8100
8082
8101
8083
8102
8084
8103
8085
8104
8086
8105
8087
8106
8088
8107
8089
8108
8090
8109
8091
8110
8092
8111
8093
8112
8094
8113
8095
8114
8096
8115
8097
8116
8117
8099
8118
8100
8119
8101
8120
8102
8121
8103
8122
8104
8123
8105
8124
8106
8125
8107
8126
8108
8127
8109
8128
8110
8129
8111
8130
8112
8131
8113
8132
8114
8133
8115
8134
8116
8135
8117
8136
8137
8119
8138
8120
8139
8121
8140
8122
8141
8123
8142
8124
8143
8125
8144
8126
8145
8127
8146
8128
8147
8129
8148
8130
8149
8131
8150
8132
8151
8133
8152
8134
8153
8135
8154
8136
8155
8137
8156
8157
8139
8158
8140
8159
8141
8160
8142
8161
8143
8162
8144
8163
8145
8164
8146
8165
8147
8166
8148
8167
8149
8168
8150
8169
8151
8170
8152
8171
8153
8172
8154
8173
8155
8174
8156
8175
8157
8176
8177
8159
8160
8161
8162
8163
8164
8165
8166
8167
8168
8169
8170
8171
8172
8173
8174
8175
8176
8177
8179
8195
8180
8196
8181
8197
8182
8198
8183
8199
8184
8200
8185
8201
8186
8202
8187
8203
8188
8204
8189
8205
8190
8206
8191
8207
8192
8208
8193
8209
8194
8210
8211
8196
8212
8197
8213
8198
8214
8199
8215
8200
8216
8201
8217
8202
8218
8203
8219
8204
8220
8205
8221
8206
8222
8207
8223
8208
8224
8209
8225
8210
8226
8211
8227
8228
8213
8229
8214
8230
8215
8231
8216
8232
8217
8233
8218
8234
8219
8235
8220
8236
8221
8237
8222
8238
8223
8239
8224
8240
8225
8241
8226
8242
8227
8243
8228
8244
8245
8230
8246
8231
8247
8232
8248
8233
8249
8234
8250
8235
8251
8236
8252
8237
8253
8238
8254
8239
8255
8240
8256
8241
8257
8242
8258
8243
8259
8244
8260
8245
8261
8262
8247
8263
8248
8264
8249
8265
8250
8266
8251
8267
8252
8268
8253
8269
8254
8270
8255
8271
8256
8272
8257
8273
8258
8274
8259
8275
8260
8276
8261
8277
8262
8278
8279
8264
8280
8265
8281
8266
8282
8267
8283
8268
8284
8269
8285
8270
8286
8271
8287
8272
8288
8273
8289
8274
8290
8275
8291
8276
8292
8277
8293
8278
8294
8279
8295
8296
8281
8297
8282
8298
8283
8299
8284
8300
8285
8301
8286
8302
8287
8303
8288
8304
8289
8305
8290
8306
8291
8307
8292
8308
8293
8309
8294
8310
8295
8311
8296
8312
8313
8298
8314
8299
8315
8300
8316
8301
8317
8302
8318
8303
8319
8304
8320
8305
8321
8306
8322
8307
8323
8308
8324
8309
8325
8310
8326
8311
8327
8312
8328
8313
8329
8330
8315
8331
8316
8332
8317
8333
8318
8334
8319
8335
8320
8336
8321
8337
8322
8338
8323
8339
8324
8340
8325
8341
8326
8342
8327
8343
8328
8344
8329
8345
8330
8346
8347
8332
8348
8333
8349
8334
8350
8335
8351
8336
8352
8337
8353
8338
8354
8339
8355
8340
8356
8341
8357
8342
8358
8343
8359
8344
8360
8345
8361
8346
8362
8347
8363
8364
8349
8365
8350
8366
8351
8367
8352
8368
8353
8369
8354
8370
8355
8371
8356
8372
8357
8373
8358
8374
8359
8375
8360
8376
8361
8377
8362
8378
8363
8379
8364
8380
8381
8366
8382
8367
8383
8368
8384
8369
8385
8370
8386
8371
8387
8372
8388
8373
8389
8374
8390
8375
8391
8376
8392
8377
8393
8378
8394
8379
8395
8380
8396
8381
8397
8398
8383
8399
8384
8400
8385
8401
8386
8402
8387
8403
8388
8404
8389
8405
8390
8406
8391
8407
8392
8408
8393
8409
8394
8410
8395
8411
8396
8412
8397
8413
8398
8414
8415
8400
8416
8401
8417
8402
8418
8403
8419
8404
8420
8405
8421
8406
8422
8407
8423
8408
8424
8409
8425
8410
8426
8411
8427
8412
8428
8413
8429
8414
8430
8415
8431
8432
8417
8433
8418
8434
8419
8435
8420
8436
8421
8437
8422
8438
8423
8439
8424
8440
8425
8441
8426
8442
8427
8443
8428
8444
8429
8445
8430
8446
8431
8447
8432
8448
8449
8434
8450
8435
8451
8436
8452
8437
8453
8438
8454
8439
8455
8440
8456
8441
8457
8442
8458
8443
8459
8444
8460
8445
8461
8446
8462
8447
8463
8448
8464
8449
8465
8466
8451
8467
8452
8468
8453
8469
8454
8470
8455
8471
8456
8472
8457
8473
8458
8474
8459
8475
8460
8476
8461
8477
8462
8478
8463
8479
8464
8480
8465
8481
8466
8482
8483
8468
8484
8469
8485
8470
8486
8471
8487
8472
8488
8473
8489
8474
8490
8475
8491
8476
8492
8477
8493
8478
8494
8479
8495
8480
8496
8481
8497
8482
8498
8483
8499
8500
8485
8501
8486
8502
8487
8503
8488
8504
8489
8505
8490
8506
8491
8507
8492
8508
8493
8509
8494
8510
8495
8511
8496
8512
8497
8513
8498
8514
8499
8515
8500
8516
8517
8502
8518
8503
8519
8504
8520
8505
8521
8506
8522
8507
8523
8508
8524
8509
8525
8510
8526
8511
8527
8512
8528
8513
8529
8514
8530
8515
8531
8516
8532
8517
8533
8534
8519
8535
8520
8536
8521
8537
8522
8538
8523
8539
8524
8540
8525
8541
8526
8542
8527
8543
8528
8544
8529
8545
8530
8546
8531
8547
8532
8548
8533
8549
8534
8550
8551
8536
8552
8537
8553
8538
8554
8539
8555
8540
8556
8541
8557
8542
8558
8543
8559
8544
8560
8545
8561
8546
8562
8547
8563
8548
8564
8549
8565
8550
8566
8551
8567
8568
8553
8569
8554
8570
8555
8571
8556
8572
8557
8573
8558
8574
8559
8575
8560
8576
8561
8577
8562
8578
8563
8579
8564
8580
8565
8581
8566
8582
8567
8583
8568
8584
8585
8570
8586
8571
8587
8572
8588
8573
8589
8574
8590
8575
8591
8576
8592
8577
8593
8578
8594
8579
8595
8580
8596
8581
8597
8582
8598
8583
8599
8584
8600
8585
8601
8602
8587
8603
8588
8604
8589
8605
8590
8606
8591
8607
8592
8608
8593
8609
8594
8610
8595
8611
8596
8612
8597
8613
8598
8614
8599
8615
8600
8616
8601
8617
8602
8618
8619
8604
8620
8605
8621
8606
8622
8607
8623
8608
8624
8609
8625
8610
8626
8611
8627
8612
8628
8613
8629
8614
8630
8615
8631
8616
8632
8617
8633
8618
8634
8619
8635
8636
8621
8637
8622
8638
8623
8639
8624
8640
8625
8641
8626
8642
8627
8643
8628
8644
8629
8645
8630
8646
8631
8647
8632
8648
8633
8649
8634
8650
8635
8651
8636
8652
8653
8638
8654
8639
8655
8640
8656
8641
8657
8642
8658
8643
8659
8644
8660
8645
8661
8646
8662
8647
8663
8648
8664
8649
8665
8650
8666
8651
8667
8652
8668
8653
8669
8670
8655
8671
8656
8672
8657
8673
8658
8674
8659
8675
8660
8676
8661
8677
8662
8678
8663
8679
8664
8680
8665
8681
8666
8682
8667
8683
8668
8684
8669
8685
8670
8686
8687
8672
8688
8673
8689
8674
8690
8675
8691
8676
8692
8677
8693
8678
8694
8679
8695
8680
8696
8681
8697
8682
8698
8683
8699
8684
8700
8685
8701
8686
8702
8687
8703
8704
8689
8705
8690
8706
8691
8707
8692
8708
8693
8709
8694
8710
8695
8711
8696
8712
8697
8713
8698
8714
8699
8715
8700
8716
8701
8717
8702
8718
8703
8719
8704
8720
8721
8706
8722
8707
8723
8708
8724
8709
8725
8710
8726
8711
8727
8712
8728
8713
8729
8714
8730
8715
8731
8716
8732
8717
8733
8718
8734
8719
8735
8720
8736
8721
8737
8738
8723
8739
8724
8740
8725
8741
8726
8742
8727
8743
8728
8744
8729
8745
8730
8746
8731
8747
8732
8748
8733
8749
8734
8750
8735
8751
8736
8752
8737
8753
8738
8754
8755
8740
8756
8741
8757
8742
8758
8743
8759
8744
8760
8745
8761
8746
8762
8747
8763
8748
8764
8749
8765
8750
8766
8751
8767
8752
8768
8753
8769
8754
8770
8755
8771
8772
8757
8773
8758
8774
8759
8775
8760
8776
8761
8777
8762
8778
8763
8779
8764
8780
8765
8781
8766
8782
8767
8783
8768
8784
8769
8785
8770
8786
8771
8787
8772
8788
8789
8774
8790
8775
8791
8776
8792
8777
8793
8778
8794
8779
8795
8780
8796
8781
8797
8782
8798
8783
8799
8784
8800
8785
8801
8786
8802
8787
8803
8788
8804
8789
8805
8806
8791
8807
8792
8808
8793
8809
8794
8810
8795
8811
8796
8812
8797
8813
8798
8814
8799
8815
8800
8816
8801
8817
8802
8818
8803
8819
8804
8820
8805
8821
8806
8822
8823
8808
8824
8809
8825
8810
8826
8811
8827
8812
8828
8813
8829
8814
8830
8815
8831
8816
8832
8817
8833
8818
8834
8819
8835
8820
8836
8821
8837
8822
8838
8823
8839
8840
8825
8841
8826
8842
8827
8843
8828
8844
8829
8845
8830
8846
8831
8847
8832
8848
8833
8849
8834
8850
8835
8851
8836
8852
8837
8853
8838
8854
8839
8855
8840
8856
8857
8842
8858
8843
8859
8844
8860
8845
8861
8846
8862
8847
8863
8848
8864
8849
8865
8850
8866
8851
8867
8852
8868
8853
8869
8854
8870
8855
8871
8856
8872
8857
8873
8874
8859
8875
8860
8876
8861
8877
8862
8878
8863
8879
8864
8880
8865
8881
8866
8882
8867
8883
8868
8884
8869
8885
8870
8886
8871
8887
8872
8888
8873
8889
8874
8890
8891
8876
8892
8877
8893
8878
8894
8879
8895
8880
8896
8881
8897
8882
8898
8883
8899
8884
8900
8885
8901
8886
8902
8887
8903
8888
8904
8889
8905
8890
8906
8891
8907
8908
8893
8909
8894
8910
8895
8911
8896
8912
8897
8913
8898
8914
8899
8915
8900
8916
8901
8917
8902
8918
8903
8919
8904
8920
8905
8921
8906
8922
8907
8923
8908
8924
8925
8910
8926
8911
8927
8912
8928
8913
8929
8914
8930
8915
8931
8916
8932
8917
8933
8918
8934
8919
8935
8920
8936
8921
8937
8922
8938
8923
8939
8924
8940
8925
8941
8942
8927
8943
8928
8944
8929
8945
8930
8946
8931
8947
8932
8948
8933
8949
8934
8950
8935
8951
8936
8952
8937
8953
8938
8954
8939
8955
8940
8956
8941
8957
8942
8958
8959
8944
8960
8945
8961
8946
8962
8947
8963
8948
8964
8949
8965
8950
8966
8951
8967
8952
8968
8953
8969
8954
8970
8955
8971
8956
8972
8957
8973
8958
8974
8959
8975
8976
8961
8977
8962
8978
8963
8979
8964
8980
8965
8981
8966
8982
8967
8983
8968
8984
8969
8985
8970
8986
8971
8987
8972
8988
8973
8989
8974
8990
8975
8991
8976
8992
8993
8978
8994
8979
8995
8980
8996
8981
8997
8982
8998
8983
8999
8984
9000
8985
9001
8986
9002
8987
9003
8988
9004
8989
9005
8990
9006
8991
9007
8992
9008
8993
9009
9010
8995
9011
8996
9012
8997
9013
8998
9014
8999
9015
9000
9016
9001
9017
9002
9018
9003
9019
9004
9020
9005
9021
9006
9022
9007
9023
9008
9024
9009
9025
9010
9026
9027
9012
9028
9013
9029
9014
9030
9015
9031
9016
9032
9017
9033
9018
9034
9019
9035
9020
9036
9021
9037
9022
9038
9023
9039
9024
9040
9025
9041
9026
9042
9027
9043
9044
9029
9045
9030
9046
9031
9047
9032
9048
9033
9049
9034
9050
9035
9051
9036
9052
9037
9053
9038
9054
9039
9055
9040
9056
9041
9057
9042
9058
9043
9059
9044
9060
9061
9046
9062
9047
9063
9048
9064
9049
9065
9050
9066
9051
9067
9052
9068
9053
9069
9054
9070
9055
9071
9056
9072
9057
9073
9058
9074
9059
9075
9060
9076
9061
9077
9078
9063
9079
9064
9080
9065
9081
9066
9082
9067
9083
9068
9084
9069
9085
9070
9086
9071
9087
9072
9088
9073
9089
9074
9090
9075
9091
9076
9092
9077
9093
9078
9094
9095
9080
9096
9081
9097
9082
9098
9083
9099
9084
9100
9085
9101
9086
9102
9087
9103
9088
9104
9089
9105
9090
9106
9091
9107
9092
9108
9093
9109
9094
9110
9095
9111
9112
9097
9113
9098
9114
9099
9115
9100
9116
9101
9117
9102
9118
9103
9119
9104
9120
9105
9121
9106
9122
9107
9123
9108
9124
9109
9125
9110
9126
9111
9127
9112
9128
9129
9114
9130
9115
9131
9116
9132
9117
9133
9118
9134
9119
9135
9120
9136
9121
9137
9122
9138
9123
9139
9124
9140
9125
9141
9126
9142
9127
9143
9128
9144
9129
9145
9146
9131
9147
9132
9148
9133
9149
9134
9150
9135
9151
9136
9152
9137
9153
9138
9154
9139
9155
9140
9156
9141
9157
9142
9158
9143
9159
9144
9160
9145
9161
9146
9162
9163
9148
9164
9149
9165
9150
9166
9151
9167
9152
9168
9153
9169
9154
9170
9155
9171
9156
9172
9157
9173
9158
9174
9159
9175
9160
9176
9161
9177
9162
9178
9163
9179
9180
9165
9181
9166
9182
9167
9183
9168
9184
9169
9185
9170
9186
9171
9187
9172
9188
9173
9189
9174
9190
9175
9191
9176
9192
9177
9193
9178
9194
9179
9195
9180
9196
9197
9182
9198
9183
9199
9184
9200
9185
9201
9186
9202
9187
9203
9188
9204
9189
9205
9190
9206
9191
9207
9192
9208
9193
9209
9194
9210
9195
9211
9196
9212
9197
9213
9214
9199
9215
9200
9216
9201
9217
9202
9218
9203
9219
9204
9220
9205
9221
9206
9222
9207
9223
9208
9224
9209
9225
9210
9226
9211
9227
9212
9228
9213
9229
9214
9230
9231
9216
9232
9217
9233
9218
9234
9219
9235
9220
9236
9221
9237
9222
9238
9223
9239
9224
9240
9225
9241
9226
9242
9227
9243
9228
9244
9229
9245
9230
9246
9231
9247
9248
9233
9249
9234
9250
9235
9251
9236
9252
9237
9253
9238
9254
9239
9255
9240
9256
9241
9257
9242
9258
9243
9259
9244
9260
9245
9261
9246
9262
9247
9263
9248
9264
9265
9250
9266
9251
9267
9252
9268
9253
9269
9254
9270
9255
9271
9256
9272
9257
9273
9258
9274
9259
9275
9260
9276
9261
9277
9262
9278
9263
9279
9264
9280
9265
9281
9282
9267
9283
9268
9284
9269
9285
9270
9286
9271
9287
9272
9288
9273
9289
9274
9290
9275
9291
9276
9292
9277
9293
9278
9294
9279
9295
9280
9296
9281
9297
9282
9298
9299
9284
9300
9285
9301
9286
9302
9287
9303
9288
9304
9289
9305
9290
9306
9291
9307
9292
9308
9293
9309
9294
9310
9295
9311
9296
9312
9297
9313
9298
9314
9299
9315
9316
9301
9302
9303
9304
9305
9306
9307
9308
9309
9310
9311
9312
9313
9314
9315
9316
9318
9327
9319
9328
9320
9329
9321
9330
9322
9331
9323
9332
9324
9333
9325
9334
9326
9335
9336
9328
9337
9329
9338
9330
9339
9331
9340
9332
9341
9333
9342
9334
9343
9335
9344
9336
9345
9346
9338
9347
9339
9348
9340
9349
9341
9350
9342
9351
9343
9352
9344
9353
9345
9354
9346
9355
9356
9348
9357
9349
9358
9350
9359
9351
9360
9352
9361
9353
9362
9354
9363
9355
9364
9356
9365
9366
9358
9367
9359
9368
9360
9369
9361
9370
9362
9371
9363
9372
9364
9373
9365
9374
9366
9375
9376
9368
9377
9369
9378
9370
9379
9371
9380
9372
9381
9373
9382
9374
9383
9375
9384
9376
9385
9386
9378
9387
9379
9388
9380
9389
9381
9390
9382
9391
9383
9392
9384
9393
9385
9394
9386
9395
9396
9388
9397
9389
9398
9390
9399
9391
9400
9392
9401
9393
9402
9394
9403
9395
9404
9396
9405
9406
9398
9407
9399
9408
9400
9409
9401
9410
9402
9411
9403
9412
9404
9413
9405
9414
9406
9415
9416
9408
9417
9409
9418
9410
9419
9411
9420
9412
9421
9413
9422
9414
9423
9415
9424
9416
9425
9426
9418
9427
9419
9428
9420
9429
9421
9430
9422
9431
9423
9432
9424
9433
9425
9434
9426
9435
9436
9428
9437
9429
9438
9430
9439
9431
9440
9432
9441
9433
9442
9434
9443
9435
9444
9436
9445
9446
9438
9447
9439
9448
9440
9449
9441
9450
9442
9451
9443
9452
9444
9453
9445
9454
9446
9455
9456
9448
9457
9449
9458
9450
9459
9451
9460
9452
9461
9453
9462
9454
9463
9455
9464
9456
9465
9466
9458
9467
9459
9468
9460
9469
9461
9470
9462
9471
9463
9472
9464
9473
9465
9474
9466
9475
9476
9468
9477
9469
9478
9470
9479
9471
9480
9472
9481
9473
9482
9474
9483
9475
9484
9476
9485
9486
9478
9487
9479
9488
9480
9489
9481
9490
9482
9491
9483
9492
9484
9493
9485
9494
9486
9495
9496
9488
9497
9489
9498
9490
9499
9491
9500
9492
9501
9493
9502
9494
9503
9495
9504
9496
9505
9506
9498
9507
9499
9508
9500
9509
9501
9510
9502
9511
9503
9512
9504
9513
9505
9514
9506
9515
9516
9508
9517
9509
9518
9510
9519
9511
9520
9512
9521
9513
9522
9514
9523
9515
9524
9516
9525
9526
9518
9527
9519
9528
9520
9529
9521
9530
9522
9531
9523
9532
9524
9533
9525
9534
9526
9535
9536
9528
9537
9529
9538
9530
9539
9531
9540
9532
9541
9533
9542
9534
9543
9535
9544
9536
9545
9546
9538
9547
9539
9548
9540
9549
9541
9550
9542
9551
9543
9552
9544
9553
9545
9554
9546
9555
9556
9548
9557
9549
9558
9550
9559
9551
9560
9552
9561
9553
9562
9554
9563
9555
9564
9556
9565
9566
9558
9567
9559
9568
9560
9569
9561
9570
9562
9571
9563
9572
9564
9573
9565
9574
9566
9575
9576
9568
9577
9569
9578
9570
9579
9571
9580
9572
9581
9573
9582
9574
9583
9575
9584
9576
9585
9586
9578
9587
9579
9588
9580
9589
9581
9590
9582
9591
9583
9592
9584
9593
9585
9594
9586
9595
9596
9588
9597
9589
9598
9590
9599
9591
9600
9592
9601
9593
9602
9594
9603
9595
9604
9596
9605
9606
9598
9607
9599
9608
9600
9609
9601
9610
9602
9611
9603
9612
9604
9613
9605
9614
9606
9615
9616
9608
9609
9610
9611
9612
9613
9614
9615
9616
)


// ************************************************************************* //
